 1544587
 0.100000000000000002E-01 0.100000000000000002E-01 0.100000000000000002E-01
 0.956241000000000008 0.956241000000000008 0.956241000000000008
 1.04716666666666680 2.93151554174481843 2.82129582160065517
 0.299999999999999989 0.299999999999999989 0.299999999999999989
 0.400000000000000022 0.400000000000000022 0.400000000000000022
 0.299999999999999989 0.299999999999999989 0.299999999999999989
 0.400000000000000022 0.400000000000000022 0.400000000000000022
 0.299999999999999989 0.299999999999999989 0.299999999999999989
 0.400000000000000022 0.400000000000000022 0.400000000000000022
 0.299999999999999989 0.299999999999999989 0.299999999999999989
 0.400000000000000022 0.400000000000000022 0.400000000000000022
 0.299999999999999989 0.299999999999999989 0.299999999999999989
 0.400000000000000022 0.400000000000000022 0.400000000000000022
 0.299999999999999989 0.299999999999999989 0.299999999999999989
 0.400000000000000022 0.400000000000000022 0.400000000000000022
 0.765719999999999956 0.765719999999999956 0.765719999999999956
 0.375176762977773692 0.361769340280041707 0.404848495450723767
 0.299999999999999989 0.299999999999999989 0.299999999999999989
 0.400000000000000022 0.400000000000000022 0.400000000000000022
 0.299999999999999989 0.299999999999999989 0.299999999999999989
 0.400000000000000022 0.400000000000000022 0.400000000000000022
 501.759999999999991 501.759999999999991 501.759999999999991
 3.14150000000000018 3.14150000000000018 3.14150000000000018
 0.299999999999999989 0.299999999999999989 0.299999999999999989
 0.400000000000000022 0.400000000000000022 0.400000000000000022
 0.432315000000000005 0.432315000000000005 0.432315000000000005
 0.483291148695443984 0.824878249831668020 0.670423019484301053
 0.299999999999999989 0.299999999999999989 0.299999999999999989
 0.400000000000000022 0.400000000000000022 0.400000000000000022
 0.605732000000000048 0.605732000000000048 0.605732000000000048
 0.391961992086799993 0.379223294827265023 0.685133761272572972
 0.299999999999999989 0.299999999999999989 0.299999999999999989
 0.400000000000000022 0.400000000000000022 0.400000000000000022
 0.299999999999999989 0.299999999999999989 0.299999999999999989
 0.400000000000000022 0.400000000000000022 0.400000000000000022
 501.759999999999991 501.759999999999991 501.759999999999991
 3.14150000000000018 3.14150000000000018 3.14150000000000018
 0.299999999999999989 0.299999999999999989 0.299999999999999989
 0.400000000000000022 0.400000000000000022 0.400000000000000022
 0.299999999999999989 0.299999999999999989 0.299999999999999989
 0.400000000000000022 0.400000000000000022 0.400000000000000022
 0.100000000000000006 0.100000000000000006 0.100000000000000006 0.100000000000000006 0.100000000000000006 0.100000000000000006 0.100000000000000006 0.100000000000000006 0.100000000000000006 0.100000000000000006
 0.100000000000000006 0.100000000000000006 0.100000000000000006 0.100000000000000006 0.100000000000000006 0.100000000000000006 0.100000000000000006 0.100000000000000006 0.100000000000000006 0.100000000000000006
 1000.00000000000000 1000.00000000000000
 35.5709999999999980 35.5709999999999980 35.5709999999999980
 512.000000000000000 512.000000000000000 512.000000000000000
 135
 10
 4 3 4 5 6 7 8 9 10 7
 1 1 1 1 1 1 1 1 1 1 1 1 1 1 1 1 1 1 1 1 1 1 1 1 1 1 1 1 1 1 1 1 1 1 1 1 1 1 1 1 1 1 1 1 1 1 1 1 1 1 1 1 1 1 1 1 1 1 1 1 1 1 1 1 1 1 1 1 1 1 1 1 1 1 1 1 8 8 8 8 8 8 8 8 8 8 8 8 8 8 8 8 8 8 8 8 8 8 8 8 8 8 8 8 1 8 8 8 8 8 8 8 8 8 8 8 8 8 8 8 8 8 8 8 8 8 8 8 8 8 8 8 8 8 8
 2 2 2 2 2 2 2 2 2 2 2 2 2 2 2 2 2 2 2 2 2 2 2 2 2 2 2 2 2 2 2 2 2 2 2 2 2 2 2 2 1 2 2 2 2 2 2 2 2 2 2 2 2 2 2 2 2 2 2 2 2 2 2 2 2 2 2 2 2 2 2 2 2 2 2 2 1 1 1 1 2 1 1 1 1 1 1 1 1 1 1 1 1 1 1 1 1 1 1 1 1 1 1 1 2 1 1 1 1 1 1 1 1 1 1 1 1 1 1 1 1 1 1 1 1 1 1 1 1 1 1 1 1 1 1
 242.069225799690912 307.897155871361690 167.774566918319891 0.000000000000000000E+00
 241.917885538070436 308.760641281758240 168.158911700031041 0.520000000000000018
 241.329600612412492 307.765505558635994 167.181388720279614 0.520000000000000018
 241.955171191858085 307.990841072915202 167.747834364844920 -1.04000000000000004
 398.199921081002742 378.556730039352601 380.453300470545514 0.000000000000000000E+00
 398.803994932319029 378.824332126607146 379.760685321250890 0.520000000000000018
 397.377213292549186 378.995601796562084 380.237011144260748 0.520000000000000018
 398.171934313536951 378.647167687153342 380.336948535922033 -1.04000000000000004
 394.409597015716997 163.881474025911189 168.849958860290599 0.000000000000000000E+00
 393.470735109041470 164.038743969484528 168.950140320774068 0.520000000000000018
 394.508273341733684 163.586467881939143 167.944711957592830 0.520000000000000018
 394.302041514664097 163.863842392260665 168.746900917030530 -1.04000000000000004
 240.382739311265169 410.602426056712602 16.9432322912635982 0.000000000000000000E+00
 240.446489417023002 410.505506541938473 17.8933766864337258 0.520000000000000018
 241.200331281498848 410.233577625525186 16.6089692180195243 0.520000000000000018
 240.495561863049176 410.542801963190186 17.0220741536578544 -1.04000000000000004
 14.4605772628281102 294.104671912212439 288.267381799581926 0.000000000000000000E+00
 15.3489614282098046 293.915133049374958 287.965586448103693 0.520000000000000018
 14.4052053382652048 295.060270033872314 288.265438355832202 0.520000000000000018
 14.5672144043484195 294.202736441336583 288.228499050729909 -1.04000000000000004
 492.543910588107735 24.1021046371911680 162.678422059310748 0.000000000000000000E+00
 492.792337318577552 24.4698371585273122 163.526531010017408 0.520000000000000018
 492.395793786667866 23.1728457749371088 162.853855742605845 0.520000000000000018
 492.556751891847682 24.0302230960762913 162.809449327228066 -1.04000000000000004
 498.137188630444939 380.085348687496491 106.206181514497530 0.000000000000000000E+00
 498.044381364055027 380.013235389729743 107.156138525949814 0.520000000000000018
 498.948402465443564 380.577787380380471 106.080986287799760 0.520000000000000018
 498.229153202361772 380.139155299378160 106.311762601867372 -1.04000000000000004
 279.777548197619922 395.571927938391809 385.745518498952208 0.000000000000000000E+00
 278.838798750411286 395.473592235107276 385.586422915031847 0.520000000000000018
 279.965500743844927 396.482425053607074 385.517688648677279 0.520000000000000018
 279.681435528751877 395.675894254736647 385.695987095411965 -1.04000000000000004
 337.292836504426361 306.016922941581981 338.281218290328979 0.000000000000000000E+00
 337.396002836638161 306.242227177233417 339.205786594611254 0.520000000000000018
 336.555157458176723 306.550201368640046 337.985107937453790 0.520000000000000018
 337.211611377940130 306.114031076827644 338.361670070185880 -1.04000000000000004
 267.122538422463151 498.104083443578645 212.949094635707723 0.000000000000000000E+00
 267.627412180729891 497.759706320119847 213.685802668146863 0.520000000000000018
 267.625095173741556 497.851238527434305 212.174663388105046 0.520000000000000018
 267.251502563791917 498.027631218327087 212.944266852534042 -1.04000000000000004
 433.933229475523660 72.5512804130298719 499.379372293602444 0.000000000000000000E+00
 434.168977216184146 73.4078907411964110 499.735565483424125 0.520000000000000018
 433.135269910719160 72.7121166921399436 498.875755552992871 0.520000000000000018
 433.861259961278506 72.6815273302127025 499.360500897979136 -1.04000000000000004
 123.695158644453187 507.659522800445529 489.747679036220291 0.000000000000000000E+00
 123.341367825869725 507.684412922293120 488.858609647179776 0.520000000000000018
 123.177939836377462 508.304610286751995 490.229949123191830 0.520000000000000018
 123.583658281153248 507.745288078598946 489.695602304017655 -1.04000000000000004
 352.831285575598031 248.138818511029626 209.963439281291471 0.000000000000000000E+00
 352.294528904251479 247.590071424667599 210.535279076110669 0.520000000000000018
 353.701265096496456 247.740976870832753 209.996533989048316 0.520000000000000018
 352.873941223335123 248.017642779593530 210.040879179317358 -1.04000000000000004
 454.198703610502832 367.475220796344843 507.951138555437240 0.000000000000000000E+00
 453.432873852474188 367.558339309775988 508.519318046829426 0.520000000000000018
 454.884511188223712 367.128609362462839 508.521897766810525 0.520000000000000018
 454.188458509919371 367.441490656440237 508.096937442810372 -1.04000000000000004
 333.217185066355853 68.4769624831204879 310.936558533586094 0.000000000000000000E+00
 332.988918939088592 68.5378079678427952 310.008967976189410 0.520000000000000018
 332.384298890334719 68.3114956219028926 311.378326495975216 0.520000000000000018
 333.081344353045097 68.4635697844996542 310.874365799133102 -1.04000000000000004
 326.753410627459004 90.7845376097205872 359.128466253938427 0.000000000000000000E+00
 326.440443780090163 91.3921375032582404 359.798619939131186 0.520000000000000018
 326.482124070299733 91.1802612870330336 358.300188539470298 0.520000000000000018
 326.678618597428681 90.9129761867762767 359.108225598057402 -1.04000000000000004
 289.506662817504662 333.928926081235772 90.6181110048413530 0.000000000000000000E+00
 289.033349508735853 333.732687679658738 91.4266262128167000 0.520000000000000018
 289.836878784706471 333.080875894538451 90.3214531328766839 0.520000000000000018
 289.488343827665290 333.795244181489636 90.6836362998068921 -1.04000000000000004
 193.959195969882927 390.498727784028347 505.986408207818158 0.000000000000000000E+00
 193.497926814632223 391.329523042296898 505.871334990848993 0.520000000000000018
 194.886551253145456 390.735678184527558 505.976196283780666 0.520000000000000018
 194.018859851535296 390.635413544472669 505.970370000262335 -1.04000000000000004
 311.204719418674074 224.523521009961087 85.7278123836556176 0.000000000000000000E+00
 311.334660041187760 224.672990077373697 86.6642985141025122 0.520000000000000018
 312.076719126107946 224.622679828442415 85.3456846090903838 0.520000000000000018
 311.332980117218142 224.555348638600435 85.7987785393141280 -1.04000000000000004
 346.300176117250658 423.662206862857886 129.678861223983972 0.000000000000000000E+00
 346.325083274066003 424.616802001461110 129.612833995633991 0.520000000000000018
 347.205610568266138 423.410506317106524 129.860720750344854 0.520000000000000018
 346.419271136069540 423.752187483720377 129.693689047389284 -1.04000000000000004
 390.204378563136345 419.297832804409154 463.749195255298901 0.000000000000000000E+00
 389.804933053023888 419.729836379750623 462.994180000270831 0.520000000000000018
 389.962227118890837 419.846282665778517 464.495387606300028 0.520000000000000018
 390.122245719121338 419.423343431057333 463.748064541393319 -1.04000000000000004
 435.778737534838228 265.621246360981843 196.057666275334100 0.000000000000000000E+00
 435.216408777990466 266.324730077912875 196.381902098828164 0.520000000000000018
 435.322475687410588 265.285622883875817 195.286031902513628 0.520000000000000018
 435.648344669365144 265.668338108782393 196.000394398251046 -1.04000000000000004
 380.979476931393606 497.026222672024289 49.2349877168240653 0.000000000000000000E+00
 381.610437858664056 497.672295292475837 49.5523366058340287 0.520000000000000018
 381.153883766480590 496.961530466028933 48.2960336330347459 0.520000000000000018
 381.082574810479116 497.100647487353285 49.1554152707503960 -1.04000000000000004
 347.110728138746424 311.252157139188682 54.4207591540037399 0.000000000000000000E+00
 346.818886872544965 311.914873511737596 55.0467523846718834 0.520000000000000018
 346.350765543587443 311.101943922163116 53.8585043715178600 0.520000000000000018
 346.976084031709263 311.317764860510067 54.4289195037493840 -1.04000000000000004
 499.747033335376102 135.055897446967691 36.1942914729746477 0.000000000000000000E+00
 498.966713496761486 135.477869579218321 36.5538360586865849 0.520000000000000018
 500.478690431294069 135.554225568831754 36.5584131203218305 0.520000000000000018
 499.740802597551351 135.173707721844067 36.2869301097286794 -1.04000000000000004
 237.051104861751725 355.945462797667744 469.116344398601427 0.000000000000000000E+00
 236.839024224597068 355.657174589390820 468.228569904578876 0.520000000000000018
 237.311123302740071 355.145308473192927 469.572832147040572 0.520000000000000018
 237.057241122094098 355.806128503547711 469.061132979697163 -1.04000000000000004
 380.429655813018201 77.7767938169310469 92.6311672249933622 0.000000000000000000E+00
 379.900744132731234 77.8258146528947918 91.8348750474037558 0.520000000000000018
 380.764717361285250 78.6652854389482172 92.7518071587550565 0.520000000000000018
 380.404839758294770 77.8968068320071154 92.5446742216697515 -1.04000000000000004
 158.061011484842169 360.240935569630324 503.929536225388460 0.000000000000000000E+00
 158.420843673299800 361.101701462345147 504.143626659766653 0.520000000000000018
 157.112403977511292 360.368696041486771 503.937194945622025 0.520000000000000018
 157.985641731666107 360.367480353024803 503.957923160543601 -1.04000000000000004
 501.015294510418585 415.776572045955959 498.150044068963780 0.000000000000000000E+00
 501.053358381900523 415.276059120091986 497.335016589243082 0.520000000000000018
 500.947534905499936 416.688911586024631 497.868472059196620 0.520000000000000018
 501.011493161718363 415.829289987383561 498.009664695882179 -1.04000000000000004
 508.115595187014605 330.325724056717604 78.4661204304556605 0.000000000000000000E+00
 507.758202536050817 330.302727807063093 79.3537991480067717 0.520000000000000018
 508.456299359122909 329.442955632416556 78.3216276164801286 0.520000000000000018
 508.113458256116701 330.209775185894614 78.5612587133269216 -1.04000000000000004
 283.093103850491786 511.781727942586713 415.952383444288785 0.000000000000000000E+00
 282.382909590863278 511.300053010207989 415.528301832917464 0.520000000000000018
 283.575318083331922 512.183806342902926 415.229860094650633 0.520000000000000018
 283.063918450254221 511.771537810167217 415.805603426564801 -1.04000000000000004
 388.373879817964735 321.241077699204766 316.401950603478952 0.000000000000000000E+00
 388.878785661216568 320.432386952139666 316.316386562933360 0.520000000000000018
 388.551592203383052 321.721652292416593 315.593430989890010 0.520000000000000018
 388.461264059340408 321.199073497328413 316.287496938770971 -1.04000000000000004
 510.635053737026396 80.8552916960895800 51.1347881705453347 0.000000000000000000E+00
 510.151376862032635 80.2495269347556359 51.6963374333206502 0.520000000000000018
 510.022835059375211 81.5730117961953738 50.9726038748659107 0.520000000000000018
 510.494765036157560 80.8696223100030238 51.1859126646505729 -1.04000000000000004
 80.4775240823773856 142.635248629582549 173.973445129830338 0.000000000000000000E+00
 80.3047060662648278 142.406176338390253 174.886621815215562 0.520000000000000018
 80.8772532982768553 141.849555122404666 173.600430567308990 0.520000000000000018
 80.5065711680935578 142.505345948502963 174.042593956605856 -1.04000000000000004
 350.050382147780738 399.515518015253690 121.786661207303240 0.000000000000000000E+00
 349.187719804447340 399.358421475308432 122.170544260537469 0.520000000000000018
 350.235133010045274 398.724811405452101 121.279820232961328 0.520000000000000018
 349.963599822644198 399.394187484600707 121.770921754952752 -1.04000000000000004
 396.759079810255912 219.516942270887910 257.152498323917939 0.000000000000000000E+00
 396.508282715201346 219.912724828525228 257.987177198814891 0.520000000000000018
 396.007129641453162 219.667875238817032 256.579761228944847 0.520000000000000018
 396.630715610239065 219.586929138396329 257.186031449581208 -1.04000000000000004
 128.642353442823975 29.4081934029933336 403.905729364829142 0.000000000000000000E+00
 128.167321046194189 29.1234648960559070 403.125020879229453 0.520000000000000018
 127.970830294463696 29.7952068445650866 404.467436454304732 0.520000000000000018
 128.495579664881831 29.4212866305756506 403.877693218768115 -1.04000000000000004
 6.93956555284106624 447.624339695020296 427.385307728912096 0.000000000000000000E+00
 6.33992339342459577 447.017054692104637 427.818742898081041 0.520000000000000018
 7.26763516823702194 448.182105711607562 428.090648068996700 0.520000000000000018
 6.90479996997215295 447.617999639996242 427.531085497907952 -1.04000000000000004
 245.153644436036814 330.821326214422129 188.400196884867796 0.000000000000000000E+00
 244.330499362350224 330.483538113637451 188.753132044083060 0.520000000000000018
 245.758360371668289 330.081085601551536 188.451187760008366 0.520000000000000018
 245.125681474238974 330.683324931487618 188.451904898322141 -1.04000000000000004
 159.800469305669338 505.205102780019558 268.516167344424332 0.000000000000000000E+00
 160.470114889669503 505.816403875888909 268.209381422345359 0.520000000000000018
 160.278637939817145 504.577439918599680 269.058045270552611 0.520000000000000018
 159.947404537783143 505.203009308895787 268.546261445713128 -1.04000000000000004
 25.8054400294285706 25.2025863633023093 0.684143138532992467 0.000000000000000000E+00
 25.3764364604225570 25.4328792908297423 -0.139964224179678270 0.520000000000000018
 25.0953795234395365 24.8913812184226622 1.24557259340446724 0.520000000000000018
 25.6596253280072126 25.1922290100165007 0.650515797468750989 -1.04000000000000004
 187.877500169845973 321.466116971341421 427.720675425772299 0.000000000000000000E+00
 187.033308185839928 321.751622965681236 427.371307337176347 0.520000000000000018
 188.198371730970990 320.829104534086866 427.082322707301728 0.520000000000000018
 187.810507400882443 321.421120378095395 427.594234627423873 -1.04000000000000004
 504.679096508219800 32.7269633435140079 224.025058804825392 0.000000000000000000E+00
 504.850005608006541 32.3478016302932971 223.162934501267614 0.520000000000000018
 503.729840844941805 32.6642014776437577 224.130946627872390 0.520000000000000018
 504.579459024003427 32.6703911405348180 223.928249933454367 -1.04000000000000004
 402.278116330321780 402.514657543109024 52.1287920554054836 0.000000000000000000E+00
 401.433656597191714 402.550495548225172 52.5780528221550867 0.520000000000000018
 402.500748918400689 401.583891470577782 52.1101682506950965 0.520000000000000018
 402.198513509197994 402.400095988353996 52.1839195533660813 -1.04000000000000004
 245.914607033513022 368.849516101298548 507.068381979269077 0.000000000000000000E+00
 245.026255451518466 368.523515886107418 507.212559531094428 0.520000000000000018
 245.793315860798543 369.744516240202984 506.751363367911893 0.520000000000000018
 245.785359050204107 368.922354421920090 507.046256477000384 -1.04000000000000004
 183.646107779663339 149.412316067893244 240.304582030842880 0.000000000000000000E+00
 183.874612716979840 149.402437371701581 241.234054862598981 0.520000000000000018
 184.475656796387625 149.260214634832863 239.851866689878022 0.520000000000000018
 183.781551867191638 149.391580635766559 240.365614325475633 -1.04000000000000004
 467.229723396301267 347.810414780329154 288.568212995092949 0.000000000000000000E+00
 467.542399535333459 347.884149533648952 287.666531977084901 0.520000000000000018
 466.548489063144416 347.138972132386414 288.531851600728487 0.520000000000000018
 467.182544018591329 347.733901066108558 288.448130698968498 -1.04000000000000004
 232.130911283008601 88.0370633658030783 252.265388974949815 0.000000000000000000E+00
 231.949489216057287 88.9372218465715605 251.995143562123531 0.520000000000000018
 231.458667306800663 87.5149227129397786 251.827559359460565 0.520000000000000018
 232.021631399347967 88.0854557399799205 252.174746351793488 -1.04000000000000004
 53.8092222034926522 204.077997743604726 456.979787816186615 0.000000000000000000E+00
 54.5386621924714632 203.817829018999419 456.417238816345389 0.520000000000000018
 53.8488296141284195 203.472079249405056 457.719741617855618 0.520000000000000018
 53.9076708032957299 203.967127666209990 457.002496825889068 -1.04000000000000004
 184.780009499619894 80.6128539991378830 323.504509456624135 0.000000000000000000E+00
 185.213482818655706 80.6571862978434524 322.652237569859267 0.520000000000000018
 184.884657962727090 79.7021172622798986 323.779908970821964 0.520000000000000018
 184.848896327716886 80.5019438282515694 323.430661376825185 -1.04000000000000004
 155.683111173494524 488.645760512956542 488.665578545970448 0.000000000000000000E+00
 155.633671915881280 489.586344675851308 488.836133617092401 0.520000000000000018
 155.114678581496662 488.251662586608234 489.327249770864682 0.520000000000000018
 155.604016021083225 488.715718949109259 488.772113864371931 -1.04000000000000004
 424.522103269753643 114.912184894070265 408.661326617459167 0.000000000000000000E+00
 424.049736085184236 114.305251738809943 408.091472927477128 0.520000000000000018
 423.931691693116250 115.055766637696138 409.400945472118735 0.520000000000000018
 424.386053937795396 114.852869284603571 408.683057648858380 -1.04000000000000004
 6.68095288982528590 444.997843056593410 111.328698460720773 0.000000000000000000E+00
 6.62502919335587137 445.251353402645123 112.250021902640924 0.520000000000000018
 6.74038921162726101 444.042640097726519 111.345793142941318 0.520000000000000018
 6.68140245387882192 444.908018344640141 111.448828885678196 -1.04000000000000004
 95.1602121716741181 14.7351155923894925 133.761455263752879 0.000000000000000000E+00
 95.7480883112154828 14.5045400543326366 134.480808032445594 0.520000000000000018
 95.1273528137672457 13.9486217837281572 133.216858762986845 0.520000000000000018
 95.2312620248584238 14.6049180267294894 133.783827394688217 -1.04000000000000004
 500.743349007452082 324.851209394393607 238.877520505546698 0.000000000000000000E+00
 501.058428177698829 325.460705190798194 239.544957267064461 0.520000000000000018
 500.973917788118627 323.985625405471069 239.214922332301654 0.520000000000000018
 500.813199076154319 324.818428038454044 239.006153124243156 -1.04000000000000004
 122.647179169529309 19.1957280620997359 58.5187710941298036 0.000000000000000000E+00
 122.559094610595210 19.8477210251269263 57.8235170926051154 0.520000000000000018
 122.117095756529295 18.4558203554229578 58.2224844795506158 0.520000000000000018
 122.568046044606390 19.1844750131957653 58.3918407297009807 -1.04000000000000004
 431.450290326373874 27.4772505956642874 5.52772148876418434 0.000000000000000000E+00
 432.088290025214235 27.7080303455867600 4.85249639195062166 0.520000000000000018
 431.692194814193670 28.0163574721188340 6.28077101678990601 0.520000000000000018
 431.562929781041305 27.5758057842032933 5.53768281641386562 -1.04000000000000004
 36.8709399628447798 82.9201037747266128 254.695943701359852 0.000000000000000000E+00
 37.1436940581916346 82.3527246351056874 255.416997066510959 0.520000000000000018
 36.7240246517087598 83.7732890562854209 255.104267548104332 0.520000000000000018
 36.8870493098155734 82.9566894587284196 254.840518860538424 -1.04000000000000004
 454.666671344943438 185.257515400355771 189.375942503611952 0.000000000000000000E+00
 453.876928834988121 184.726431378011739 189.478355242958258 0.520000000000000018
 455.321875002085676 184.820706787745081 189.920133647183150 0.520000000000000018
 454.649447410592359 185.133612540841796 189.458715793228777 -1.04000000000000004
 481.216035786031796 479.826732053708497 73.3201421652699281 0.000000000000000000E+00
 480.850237139892158 479.687274463568201 72.4466578946520485 0.520000000000000018
 481.990619044343362 479.265075696683539 73.3484354450270359 0.520000000000000018
 481.268364541969163 479.736980754075546 73.2119460216379991 -1.04000000000000004
 81.3042069567644603 99.1997790674259932 380.638637648512486 0.000000000000000000E+00
 81.1527039229083584 98.2546804330724513 380.646837775631070 0.520000000000000018
 80.4278763011778892 99.5830043455525811 380.600947259387340 0.520000000000000018
 81.1726315586405462 99.1278508862835679 380.634862552195841 -1.04000000000000004
 288.539567007274684 248.830391069908870 236.185867024795414 0.000000000000000000E+00
 288.180010430183813 249.627454371648611 235.796455929846758 0.520000000000000018
 289.385238551737359 248.712311674597288 235.753276580599561 0.520000000000000018
 288.601794994434556 248.917310567641010 236.080640229195524 -1.04000000000000004
 117.399575265202031 355.667917379846415 356.213406048288903 0.000000000000000000E+00
 118.173888902427791 355.811169649652811 355.669210294552045 0.520000000000000018
 116.706170586592521 355.448357490702620 355.591135203804981 0.520000000000000018
 117.409933898460508 355.658149323759346 356.064083297904347 -1.04000000000000004
 497.414885728318723 257.321720691778864 180.713507652693465 0.000000000000000000E+00
 496.729864291389731 257.018201753746098 180.117811651973625 0.520000000000000018
 497.820040104073598 256.519176992829500 181.042158136013967 0.520000000000000018
 497.379058202708791 257.180130785531276 180.679321590663847 -1.04000000000000004
 416.451087633219174 314.872374177715187 433.250213044250756 0.000000000000000000E+00
 416.056480746875650 315.428128889192919 433.922265085347419 0.520000000000000018
 415.785799840559264 314.816064096065020 432.564312960618565 0.520000000000000018
 416.315407629997765 314.936310069163710 433.248441462700839 -1.04000000000000004
 43.5865804052869876 136.148542861285421 433.309628826271307 0.000000000000000000E+00
 43.7731407578868215 136.465009320829012 432.425730611081178 0.520000000000000018
 44.0750667056186671 135.328291384345846 433.378955921322927 0.520000000000000018
 43.6729948556004004 136.084052821256989 433.205352378795340 -1.04000000000000004
 9.23254934769903635 268.014864564650281 499.390381060110940 0.000000000000000000E+00
 9.14065837382118040 268.501359712634667 500.209594316807966 0.520000000000000018
 10.0831517532942634 268.285435985603158 499.044687191358264 0.520000000000000018
 9.32967343105357827 268.111779062798519 499.450998652147121 -1.04000000000000004
 418.196860943332865 24.9768088960246146 205.593165006910510 0.000000000000000000E+00
 419.130221561578821 25.1870713778118223 205.622481982814122 0.520000000000000018
 417.762561145040308 25.7674630030705032 205.913301486130479 0.520000000000000018
 418.260748340390705 25.1049386789955591 205.637899324744865 -1.04000000000000004
 320.865672978165435 257.520880478909646 94.5304422682275458 0.000000000000000000E+00
 321.557588749976560 257.198799369728818 95.1081516794422441 0.520000000000000018
 321.103299163283964 257.190567840474841 93.6640330380413388 0.520000000000000018
 320.984666758804110 257.437365645478451 94.4934861760395393 -1.04000000000000004
 300.949414603247078 46.9283696026569288 367.321885588967120 0.000000000000000000E+00
 301.188715591668881 46.7738260824254439 368.235714444558312 0.520000000000000018
 300.794666228955975 46.0544943861455920 366.963231655825211 0.520000000000000018
 300.960238764649887 46.7967193062631850 367.392956236753264 -1.04000000000000004
 328.204008277447258 432.425816596164225 353.452649925764433 0.000000000000000000E+00
 328.263854300076616 431.544359258308418 353.084297845476783 0.520000000000000018
 327.370554190665473 432.765876419761298 353.127148468429823 0.520000000000000018
 328.104977190849979 432.356509677941858 353.363827659676531 -1.04000000000000004
 53.3218329393961028 31.3696981347668320 508.486588315439406 0.000000000000000000E+00
 53.3398157683736756 32.0056313912169017 509.201778745423383 0.520000000000000018
 52.6224409451179582 30.7609305996617834 508.724265667510849 0.520000000000000018
 53.2346043560964901 31.3731767499346681 508.608568123079976 -1.04000000000000004
 395.959172048172604 360.731873696951141 295.201227932793643 0.000000000000000000E+00
 395.684558697430873 361.514554110971687 294.723492956503037 0.520000000000000018
 395.260917487686925 360.096615763024317 295.042717609927763 0.520000000000000018
 395.834632726984125 360.750746883486443 295.119780027868501 -1.04000000000000004
 404.778884855139268 112.883548253147822 193.937193112850196 0.000000000000000000E+00
 405.494048067199856 112.280357722292493 193.734870078527848 0.520000000000000018
 404.691638979639038 113.424271330010853 193.152180815784078 0.520000000000000018
 404.859267074871923 112.875550642922775 193.810801917614583 -1.04000000000000004
 366.279384236508747 70.2218317743416378 368.385249951372316 0.000000000000000000E+00
 366.368743576529369 69.3611538031158972 368.794493361810510 0.520000000000000018
 366.321174190969543 70.0461212531048290 367.445240902918954 0.520000000000000018
 366.296173085220289 70.0891600666363104 368.317306227205108 -1.04000000000000004
 177.814624071121216 504.174250983551815 292.895854451629816 0.000000000000000000E+00
 177.854170615279429 504.793490709720402 293.624696044348184 0.520000000000000018
 177.956821272550030 503.318346544204189 293.300137942256924 0.520000000000000018
 177.837889531014810 504.143956086487549 293.040909397959126 -1.04000000000000004
 21.7532264188099447 24.8036557538316025 35.8522118298531396 0.434999999999999998
 21.9082468269077886 25.5714817393091494 36.3808297723206380 -0.699999999999999956
 21.9154276070857748 26.7523215159928185 35.5743151362490977 0.265000000000000013
 23.2690586086214424 26.8495300199605040 34.8464184276166336 0.000000000000000000E+00
 23.2321477089104746 25.9610157766345004 33.5891276796632212 0.000000000000000000E+00
 23.5265813589849984 24.4525187619232405 33.6858002316676135 0.000000000000000000E+00
 22.3455062867587166 23.4915236257865523 33.4552573460968787 0.265000000000000013
 21.3186972258728851 23.7214744194280875 34.4235991168506033 -0.699999999999999956
 20.9653236534299978 22.8655079351215136 34.6119432063325903 0.434999999999999998
 19.0173860570537272 35.2194238743125609 11.0803737839139771 0.434999999999999998
 19.7833819820129797 34.7173870607074804 11.3132563309866807 -0.699999999999999956
 20.2033767675582254 34.9549084050305794 12.6593945078116867 0.265000000000000013
 21.1074167504246510 33.7485378455797900 12.9740082116919471 0.000000000000000000E+00
 22.1610007419488895 33.4602716113356564 11.8884376930251197 0.000000000000000000E+00
 23.1571457449570346 32.3317658300111503 12.2136604389994226 0.000000000000000000E+00
 24.3049668480516630 32.0239365328535044 11.2341974028913310 0.265000000000000013
 24.8835781032721535 33.1494106735191778 10.5683017849263052 -0.699999999999999956
 25.7014262333647032 33.2819616573264909 11.0228121509200925 0.434999999999999998
 13.3677702400018941 8.21688610262893526 25.0186854133961241 0.434999999999999998
 12.6942319645738024 8.65496902352475495 25.5161334468154344 -0.699999999999999956
 11.5939717400554354 8.47434052136625127 24.6207559942565943 0.265000000000000013
 10.5873928065554512 9.50509970295378004 25.1647544870918622 0.000000000000000000E+00
 9.22714204207348665 9.53411342976609433 24.4433142183358854 0.000000000000000000E+00
 9.23165343706755692 10.3224075802611157 23.1203735622176545 0.000000000000000000E+00
 8.67294213416569626 11.7442199939705372 23.3150300294400381 0.265000000000000013
 8.66280740946799810 12.2369956623488196 21.9726554811079993 -0.699999999999999956
 7.91938740184892875 12.8190725496711408 21.9334357218427911 0.434999999999999998
 26.2177615848858601 0.286063363171535856 22.0125713498731486 0.434999999999999998
 25.5951152156741237 0.847355074587964219 21.5763510917435326 -0.699999999999999956
 24.7973436359115027 0.184832198012560081E-01 20.7269795859432087 0.265000000000000013
 23.5619027666763152 0.926416806567897599 20.5822644842969886 0.000000000000000000E+00
 22.7176815878287393 0.911613173650220210 21.8701586777917960 0.000000000000000000E+00
 21.4152886622916370 1.72935268408795983 21.9518578857435749 0.000000000000000000E+00
 20.6029001281217461 1.52900417828657864 23.2447172538778091 0.265000000000000013
 20.4270833692386802 0.111891117878386306 23.1686972478505950 -0.699999999999999956
 19.5359963233669518 0.512618343086078468E-01 23.4774252295001631 0.434999999999999998
 223.107740915377008 315.681477224084347 282.551633624556075 0.434999999999999998
 223.218052711147266 315.221539451341698 283.369749479993743 -0.699999999999999956
 221.962439653003457 314.592562918941496 283.639424042955568 0.265000000000000013
 221.957268514316411 313.813870082835081 284.968036374044402 0.000000000000000000E+00
 221.807215420643729 314.827978386695975 286.117239757749644 0.000000000000000000E+00
 222.186921932864720 314.338665860136700 287.527202954407301 0.000000000000000000E+00
 223.702968457369934 314.076503154304135 287.594088313090140 0.265000000000000013
 223.912748139039536 313.443490221401191 288.859073337482243 -0.699999999999999956
 224.512487123895880 312.719667452621593 288.762023095649567 0.434999999999999998
 36.8853992382881302 12.3090569786291884 13.9541182718160766 0.434999999999999998
 36.5349909136204403 13.1129471579523287 14.3062540206281046 -0.699999999999999956
 35.5548310220350601 12.8614020911287792 15.3166557557236143 0.265000000000000013
 34.4740043020639391 11.7928738945292011 15.0683392349922514 0.000000000000000000E+00
 33.7695729614893736 11.9544852308327325 13.7084648796216957 0.000000000000000000E+00
 32.6251355369316727 10.9871002976693468 13.3534587214212905 0.000000000000000000E+00
 33.0046738694407225 9.49516372884753679 13.3943968304208418 0.265000000000000013
 33.7740399706567658 9.15361210687617266 12.2384044896899997 -0.699999999999999956
 34.6866287862613802 9.15254048617119764 12.4837725912484938 0.434999999999999998
 13.2133475918525338 19.6486628512048895 24.5447048023809771 0.434999999999999998
 12.3445664031153122 20.0165214865487471 24.4906282779059765 -0.699999999999999956
 11.7373041190291829 19.3229465162596803 23.3974282601073078 0.265000000000000013
 11.4256431720255414 20.4626213940323645 22.4096992349761130 0.000000000000000000E+00
 12.5234149220326731 21.5289330573779800 22.2380116655385400 0.000000000000000000E+00
 12.1497614736449222 22.3592786538720354 20.9960336903349294 0.000000000000000000E+00
 13.2341530682073163 23.2584293398608217 20.3737613114458007 0.265000000000000013
 13.8271194746801367 24.1787371972843204 21.2937201628947470 -0.699999999999999956
 13.3176933563753117 24.9717290285113123 21.2253536096969846 0.434999999999999998
 7.28416636202746037 25.1862567415986796 11.7641315198531338 0.434999999999999998
 8.14772538635822308 25.2352062118246891 12.1447819643051229 -0.699999999999999956
 8.57192301510069221 23.9599327183758923 12.6332836415552396 0.265000000000000013
 9.93206048370602801 23.5785198649782934 12.0199727075593046 0.000000000000000000E+00
 10.3914271770817361 22.2893656805967915 12.7261339709465950 0.000000000000000000E+00
 11.3271502493805869 21.5247516325362760 11.7714676996894045 0.000000000000000000E+00
 11.7296099892452723 20.1148848516877301 12.2425322579484721 0.265000000000000013
 12.3189178444027210 20.2985252259903497 13.5324518154309228 -0.699999999999999956
 12.1381558669473524 19.5447347187719842 14.0729608151098375 0.434999999999999998
 9.45111517871261242 13.2840433143046539 10.6433368273001125 0.434999999999999998
 9.31175834694585092 13.4972861607166994 11.5533544984988730 -0.699999999999999956
 9.82118137055407736 14.7901844808052800 11.8907001920092323 0.265000000000000013
 11.3053032537975096 14.5415984290950657 12.2180947713368564 0.000000000000000000E+00
 11.4757996490037151 13.7902986844488176 13.5515413105412357 0.000000000000000000E+00
 12.9347399437452495 13.6026773043588634 14.0074924418180728 0.000000000000000000E+00
 13.0030424974056267 12.7127206851211216 15.2624474119418601 0.265000000000000013
 14.1511424313035761 11.8771089156330181 15.0935702007010004 -0.699999999999999956
 14.0174070851543533 10.9740068271417250 14.8495487365774252 0.434999999999999998
 28.3500791171590549 -1.24248302330092075 11.0745923801844288 0.434999999999999998
 27.4062519320022631 -1.28132590809526592 11.0480127853820616 -0.699999999999999956
 26.8956598747255775 0.412667091111770176E-01 11.2349473192621723 0.265000000000000013
 26.1074233867103906 0.516000176331731994E-02 12.5574372226814734 0.000000000000000000E+00
 25.5417776316743570 1.37129247944787824 12.9879333704286495 0.000000000000000000E+00
 24.7668950188670109 1.21482426227793772 14.3095515578733163 0.000000000000000000E+00
 23.2547759662719891 1.48649660329314925 14.2032966290162204 0.265000000000000013
 23.1085251167826122 2.90803738644996335 14.1510233964248986 -0.699999999999999956
 22.5935067744114413 3.10116427635905900 13.3825944072428875 0.434999999999999998
 10.4409300147676536 12.4400746860746576 21.1386673619198504 0.434999999999999998
 11.2543881723097599 12.8063175193348950 20.8269350841337584 -0.699999999999999956
 11.5391548951527092 11.8978464724171626 19.7599354259925271 0.265000000000000013
 12.1574796052374818 10.6459047785664502 20.4094864617832208 0.000000000000000000E+00
 13.3141895596984874 11.0210314834063983 21.3544213995258687 0.000000000000000000E+00
 13.9407866864682255 10.0437791178179516 22.3663274498466258 0.000000000000000000E+00
 14.9102463674660477 10.9013881800611863 23.2007461836235436 0.265000000000000013
 15.5095487064771493 10.1124920168876411 24.2319491462772980 -0.699999999999999956
 16.2188349030203085 10.5436950197036374 24.6836150202990190 0.434999999999999998
 21.8272760876902687 25.4690579830867030 23.3559385624829012 0.434999999999999998
 22.5993487902446226 25.9784445858309780 23.1624081232361085 -0.699999999999999956
 22.9080235997709032 27.0084313878059703 24.1051419402392391 0.265000000000000013
 22.8426686156383489 26.2730166744603153 25.4566203623546947 0.000000000000000000E+00
 21.4772708951885605 25.6447726215376974 25.7921773246693675 0.000000000000000000E+00
 21.3038463840141574 24.2165483501732623 25.2429056527169564 0.000000000000000000E+00
 20.0340655140221457 24.0533334061326372 24.3869749170588790 0.265000000000000013
 20.2557133926997572 24.8450623159057287 23.2169588696017080 -0.699999999999999956
 19.3875065161409417 25.1402515680167014 22.9886933992954212 0.434999999999999998
 11.2021771516348814 33.9482176897211545 21.0148756131252767 0.434999999999999998
 10.5550920891011124 33.2626698093922144 21.0806785433195714 -0.699999999999999956
 9.80684448324486269 33.4512623578934765 22.2846130809835543 0.265000000000000013
 9.37974093249388119 34.9017418870185523 22.5766604958411641 0.000000000000000000E+00
 8.71436564546829473 34.8544781615287604 23.9646957503172331 0.000000000000000000E+00
 8.55841993332115081 36.3118792092217291 24.4372030212098288 0.000000000000000000E+00
 9.89331509968817713 37.0624670907983784 24.5992916600474345 0.265000000000000013
 10.6052430598234686 36.5184513899826584 25.7137895276288795 -0.699999999999999956
 11.3834450512420915 36.9876769210738274 25.9731234080307658 0.434999999999999998
 14.1352419354809822 25.1872595122662837 36.4855470109057904 0.434999999999999998
 13.7016788244605561 25.5843559586751113 37.2253864806637651 -0.699999999999999956
 13.0678179731709410 26.6647636659348635 36.5355751968359925 0.265000000000000013
 11.7322860905065642 26.4358905855722135 35.8037475508207237 0.000000000000000000E+00
 11.8540194610835510 25.3595048585856517 34.7091358602072972 0.000000000000000000E+00
 12.4076617171554755 25.7187555551115139 33.3177267940670419 0.000000000000000000E+00
 12.7776096696905608 24.4951321005772513 32.4589578181900720 0.265000000000000013
 14.1019696614645262 23.9581664563224273 32.5103242379453192 -0.699999999999999956
 14.2025684754968129 23.3472793115374202 31.7963762181625675 0.434999999999999998
 2.26078712410313232 24.4036975239756870 13.6204843657709240 0.434999999999999998
 3.18569677115448391 24.3291294760423611 13.4415800588949939 -0.699999999999999956
 3.36039321617598352 23.9302357634498648 12.0794989459832109 0.265000000000000013
 3.06408947963766742 22.4194085896419857 12.0447808441171791 0.000000000000000000E+00
 2.56321656077614968 21.9014392655984977 10.6837392949714243 0.000000000000000000E+00
 1.38005901927924146 22.7643736200598319 10.2072075207009210 0.000000000000000000E+00
 0.467778087579744928 22.1170372128812005 9.14876570482318563 0.265000000000000013
 -0.320125185860370531 23.1681780408804450 8.58377774794675830 -0.699999999999999956
 -0.249800250954521769 23.0262232577387138 7.65215108287449297 0.434999999999999998
 1.37369775365180580 14.1128781850178413 -0.608868189577022267 0.434999999999999998
 1.72973470093438975 13.8336732026346674 0.220774667309066003 -0.699999999999999956
 1.56402584457126914 14.9272669092121575 1.12713738711663591 0.265000000000000013
 0.713989182451011506 14.4349356271320275 2.31315913301204912 0.000000000000000000E+00
 -0.582904683408154933 13.6919374843470063 1.94218735441579371 0.000000000000000000E+00
 -0.894244246766595863 12.5619211622423830 2.94105210405157136 0.000000000000000000E+00
 0.151661048748775784 11.4321327670953785 2.90555147019757420 0.265000000000000013
 -0.866727243755821054E-03 10.8716155332602131 1.59885498358542000 -0.699999999999999956
 0.807627093521430472 10.8141655000485120 1.11299262090594109 0.434999999999999998
 13.7203686518341605 10.4338320730281620 25.9102225005950686 0.434999999999999998
 14.0298155710694150 11.1640653178283742 26.4240580894407273 -0.699999999999999956
 12.9012480582026612 11.6345122676685762 27.1656206534148019 0.265000000000000013
 12.5151390981780839 13.0126675215692771 26.5971068302454476 0.000000000000000000E+00
 12.5121176900595703 13.1312280017657113 25.0616804127221009 0.000000000000000000E+00
 12.5473475700807509 14.6225086113811091 24.6790043108568042 0.000000000000000000E+00
 13.0995963507556521 14.9014807258187503 23.2687575793912522 0.265000000000000013
 12.1551490856619875 14.9997004580437991 22.1995184818743638 -0.699999999999999956
 11.7436303942149518 14.2143641662192319 21.8725257062156970 0.434999999999999998
 25.1929816375222622 26.9367771447494242 10.6580807887397260 0.434999999999999998
 24.5626531998079720 27.0087769681650123 9.95770439990527123 -0.699999999999999956
 23.3140766831028969 26.6510239240974514 10.5560098748869144 0.265000000000000013
 22.3545157367905922 25.8356916142907984 9.66940059516016071 0.000000000000000000E+00
 21.0433630418029800 25.2842652911506818 10.2596612329930483 0.000000000000000000E+00
 21.2181902610510242 24.1887868800533887 11.3278196923190624 0.000000000000000000E+00
 19.9172025976375053 23.4564598891261049 11.7056136546916427 0.265000000000000013
 20.1997241088902157 22.4849672988828466 12.7161994960638580 -0.699999999999999956
 20.6280957849566740 21.7288213296914456 12.3450310970592625 0.434999999999999998
 26.2611144053121777 11.3154697997061007 13.6687126258317821 0.434999999999999998
 26.1365361505245914 12.1399713701822431 14.1133500272235839 -0.699999999999999956
 26.5714495779596582 13.1826264192719087 13.2366398360859971 0.265000000000000013
 25.3455411355214899 13.2079979556774063 12.3049184314272626 0.000000000000000000E+00
 25.6950090268944571 14.0297355086873505 11.0502393541837751 0.000000000000000000E+00
 24.8196098312549616 13.7182152355959399 9.82213863855545988 0.000000000000000000E+00
 25.4004896081766987 12.5742142441999096 8.97041073808005684 0.265000000000000013
 24.3191599076298992 12.1114747774887661 8.15708530219153261 -0.699999999999999956
 24.6906767666107818 11.5708973130275403 7.47680871990337881 0.434999999999999998
 24.1054055665089066 7.65817281532678695 37.4477365461706668 0.434999999999999998
 23.9854898886048495 8.55217867802009302 37.1659587122965291 -0.699999999999999956
 23.5537796543651048 8.24332890058321155 35.8381266112273167 0.265000000000000013
 22.1923529021694250 8.87944008755696323 35.5012590464295670 0.000000000000000000E+00
 22.2525895588693672 10.3948523720553787 35.2338695305900629 0.000000000000000000E+00
 20.9431734415542756 11.1769815344475241 35.0210235650395205 0.000000000000000000E+00
 21.2035733050204698 12.6280258948787107 34.5757571558330170 0.265000000000000013
 21.3583498461392338 12.5852584782333476 33.1548014315429427 -0.699999999999999956
 22.1639892721394958 13.0268745795518637 32.9335655069506714 0.434999999999999998
 25.8874172890387300 25.5457570108237491 9.07657077884630326 0.434999999999999998
 26.2227067917917580 24.8088978836582044 9.56405880542383535 -0.699999999999999956
 25.4593237628663260 23.6997765643674754 9.08239891479204964 0.265000000000000013
 25.7359256021492406 22.3815654819396492 9.82899851609769293 0.000000000000000000E+00
 24.4583748123652320 21.7918110976741879 10.4548209715608333 0.000000000000000000E+00
 24.6986674268713635 20.6377491431785423 11.4457803373268998 0.000000000000000000E+00
 23.4400201637524361 19.8408367325577721 11.8360849322803503 0.265000000000000013
 22.3885733384051093 20.7058476309339419 12.2732527709390382 -0.699999999999999956
 22.7631352670425251 21.2101282843979568 12.9792480854825065 0.434999999999999998
 24.8501145199204068 12.5041901983434176 26.7773210604296210 0.434999999999999998
 25.7734171877657552 12.3757926234494864 26.6222364180209077 -0.699999999999999956
 26.0606802043865429 11.0253972456943057 26.2496612135059202 0.265000000000000013
 25.4112084253802060 10.5618873858730566 24.9324880972744722 0.000000000000000000E+00
 25.5916106013122793 9.04194461771264635 24.7626969419221830 0.000000000000000000E+00
 24.9886559996114919 8.53606282908262948 23.4390167070389985 0.000000000000000000E+00
 23.6964542537456531 7.70880687492633321 23.5711614545480472 0.265000000000000013
 22.6877109240676198 8.43889829719072715 24.2742285992547764 -0.699999999999999956
 22.5096304747354310 9.24779328911034249 23.8192547037255800 0.434999999999999998
 24.4725417292363048 10.1690421623528717 2.11815741659430579 0.434999999999999998
 24.8110369067515038 11.0353053726016004 2.28559118071766987 -0.699999999999999956
 24.2185123288095205 11.7787078383683852 3.35384555043798160 0.265000000000000013
 24.2057333788863929 13.2572414016698392 2.92329334613522018 0.000000000000000000E+00
 23.7093924628183501 13.4549647086401460 1.47894186920259263 0.000000000000000000E+00
 23.4810715871455926 14.9044159302602246 1.01143707363780333 0.000000000000000000E+00
 24.5550266633194774 15.6053364516269237 0.158834635752857889 0.265000000000000013
 24.9818865091764835 14.7435270677634112 -0.899454199055357395 -0.699999999999999956
 25.3805772148959683 14.0432946301595791 -0.405748563579839405 0.434999999999999998
 21.9231913219337429 34.4402986404903260 32.8505696350344749 0.434999999999999998
 22.8672182051778385 34.4662690572316279 32.8846838720436168 -0.699999999999999956
 23.4185428107285993 35.7452030641137242 32.5602320491872703 0.265000000000000013
 24.8915156798235309 35.5189038179989680 32.1719800973336660 0.000000000000000000E+00
 25.8908616355053383 34.9242641122668616 33.1815895669947167 0.000000000000000000E+00
 25.9938929601226398 35.7474170581746407 34.4790500765251480 0.000000000000000000E+00
 27.2088190792127982 35.4914821293174327 35.3901218834335651 0.265000000000000013
 27.0133455344925579 36.3193389237141417 36.5396188261375059 -0.699999999999999956
 27.8739086643345360 36.3217209220608126 36.9300678313103390 0.434999999999999998
 27.9332241041891223 35.1820623245202739 23.3153964660405144 0.434999999999999998
 27.2757191258642351 34.6105175718357856 22.9492697131846022 -0.699999999999999956
 26.6837759702965194 33.8202164654323099 23.9836426932038904 0.265000000000000013
 25.6558652180875164 32.8162932148348503 23.4294427361459867 0.000000000000000000E+00
 24.6024107990814969 32.2613953118661030 24.4061320953373126 0.000000000000000000E+00
 23.4194095702447740 31.6491816032107707 23.6332786373614141 0.000000000000000000E+00
 22.5794038255550156 32.7179351021224463 22.9095685383215688 0.265000000000000013
 21.8489975827955547 33.4105887940598336 23.9252641539385316 -0.699999999999999956
 21.7564071341588736 34.2913789050086919 23.5956267936834365 0.434999999999999998
 33.2968129117345271 9.29410508844120997 35.4471512163599769 0.434999999999999998
 32.4117032576639588 9.61074351931690707 35.3504764814823673 -0.699999999999999956
 32.4536996504410880 11.0037339127571823 35.0299861278415534 0.265000000000000013
 32.6306643070934257 11.1851807368535692 33.5109862725679406 0.000000000000000000E+00
 33.9478309141953858 10.9389526894301738 32.7520107276407089 0.000000000000000000E+00
 35.0052382699685083 12.0238540289243918 33.0285586756000953 0.000000000000000000E+00
 36.1166256185264842 12.2255912713167021 31.9817921082617822 0.265000000000000013
 37.0384296408408602 13.2190963649998672 32.4379992687389489 -0.699999999999999956
 37.7286198255138601 13.3921544841167570 31.8161364250275938 0.434999999999999998
 10.5532915374901712 20.3105641460095363 1.17639336669287142 0.434999999999999998
 10.9915842459156146 20.0880158855852891 0.369301814560629216 -0.699999999999999956
 12.0512356042871183 21.0012700126889058 0.726439341164440422E-01 0.265000000000000013
 12.7770831459745935 21.2745470877026435 1.40308182687889293 0.000000000000000000E+00
 13.7860690163171338 22.4314851892674412 1.28043704469575692 0.000000000000000000E+00
 14.9780120491286368 22.1142549680188445 0.358354188733949974 0.000000000000000000E+00
 15.9541027092359791 23.2901835931813963 0.168515067964496612 0.265000000000000013
 15.1374055915798902 24.3916992079632351 -0.237156188601741230 -0.699999999999999956
 14.8656765992651358 24.2664046016643233 -1.13353201177414697 0.434999999999999998
 22.7191352249975829 13.1886952476429542 27.9384817972608452 0.434999999999999998
 23.0913001334165529 12.9203057292245216 27.1123550834059905 -0.699999999999999956
 22.3664565669718911 11.7107266855215126 26.8748254195358314 0.265000000000000013
 21.7014929816059663 12.0309251015893626 25.5231981023788741 0.000000000000000000E+00
 20.8192054987960375 10.9085792507234416 24.9456960775157874 0.000000000000000000E+00
 20.0106003395773300 11.2420855515493816 23.6782059419351256 0.000000000000000000E+00
 20.8482486117204076 11.3504405515594531 22.3904930212309345 0.265000000000000013
 21.6440010418605446 10.1764161151788226 22.2078877291192320 -0.699999999999999956
 22.0113559256366642 10.1526080946226411 21.3375380479433083 0.434999999999999998
 347.353201746940613 298.238377981185920 88.8976080417633057 0.000000000000000000E+00
 347.917227301015430 298.334494642357583 88.1302302947749894 0.520000000000000018
 347.882934904810611 298.560879875611192 89.6267259356000352 0.520000000000000018
 347.493217045962581 298.291966376371931 88.8927090172911818 -1.04000000000000004
 33.5264585150526031 21.0074392603085371 22.7847360021911918 0.434999999999999998
 33.7093478102625284 21.5914522981719195 23.5048091077181276 -0.699999999999999956
 33.2430137667419316 22.9375787476077271 23.3808085352069739 0.265000000000000013
 32.7969966050492658 23.3897766192920677 24.7837289806776973 0.000000000000000000E+00
 33.8319152234524410 23.7269990280184118 25.8731437319709094 0.000000000000000000E+00
 34.8734301863219116 22.6060170012510824 26.0470571523375369 0.000000000000000000E+00
 36.0848092790295070 23.0061191184657048 26.9096572853953155 0.265000000000000013
 36.6614525917394332 24.1448542448231258 26.2649365691881407 -0.699999999999999956
 37.2565386126816875 23.8091318618421433 25.6121057264389016 0.434999999999999998
 13.6677827323856196 10.4228364983857062 36.6817624451538933 0.434999999999999998
 13.9379228592991122 10.8312736628579955 37.4899879053498708 -0.699999999999999956
 15.2282360103799803 11.3911547064063896 37.2320631310009489 0.265000000000000013
 15.2549294172958501 12.2145006191639478 35.9309140350197751 0.000000000000000000E+00
 14.4361024958298767 11.6576556597467142 34.7514878339142257 0.000000000000000000E+00
 14.1445932201702096 12.5596323071316576 33.5377908083858216 0.000000000000000000E+00
 13.0292807163401196 11.8754417624891637 32.7256570032637342 0.265000000000000013
 12.0568728274930557 11.0935431593763685 33.4241965312493079 -0.699999999999999956
 11.2094150991077157 11.3616970324810751 33.1033633987038911 0.434999999999999998
 11.8958859758293656 0.342046982213403072 15.0478386180516246 0.434999999999999998
 11.2493592408462870 1.02444294720151485 15.1446060088403733 -0.699999999999999956
 9.91666162106280424 0.567665133368967290 14.8993080614094886 0.265000000000000013
 9.78270801302075554 0.807926178357004504E-01 13.4444501355243453 0.000000000000000000E+00
 8.40695644323931113 -0.476361500224414869 13.0339785689420449 0.000000000000000000E+00
 7.83674029804762018 0.271074046286091219 11.8142270977089563 0.000000000000000000E+00
 9.00846281845795360 0.718541158301571836 10.9206726680138360 0.265000000000000013
 9.38269491406166445 -0.409025088500704015 10.1247802772396067 -0.699999999999999956
 10.1555568475628224 -0.254396840311987393 9.60343630575154883 0.434999999999999998
 14.6701998837077383 10.6711333156025976 12.7450530494136238 0.434999999999999998
 14.2378836643746212 9.93852156873552062 13.1566447340403840 -0.699999999999999956
 13.5010240257520309 9.15427965684276934 12.2148897252404325 0.265000000000000013
 12.0627973159145725 9.68864832104759266 12.3473814677231353 0.000000000000000000E+00
 11.5002372817358349 9.21092613028207374 13.6990129694257945 0.000000000000000000E+00
 10.2545699357848736 9.99336630524181935 14.1547543827738291 0.000000000000000000E+00
 9.25777670306096745 10.3967284804248390 13.0523469232437961 0.265000000000000013
 8.79659571204548740 11.6407763745306241 13.5857857020150217 -0.699999999999999956
 9.11675703265147064 12.2927239670007111 12.9812312665335714 0.434999999999999998
 9.74551984828517170 15.5745307517722953 -1.91690654845974362 0.434999999999999998
 9.93351621747126323 14.8147341791159253 -1.38738645124672977 -0.699999999999999956
 10.8451340662099955 15.3462007044740982 -0.422297734969994953 0.265000000000000013
 11.2887845919903125 14.1683198532290575 0.465041496240432062 0.000000000000000000E+00
 11.5975179836305173 14.5163655441700250 1.93308369246769485 0.000000000000000000E+00
 12.1968909042923492 13.3723140705976622 2.77183176417588850 0.000000000000000000E+00
 11.3196614785168173 12.1205194933115656 2.95912530605781754 0.265000000000000013
 12.0452224170988629 11.2315868845647824 3.81250689802624487 -0.699999999999999956
 12.8241128795646695 11.0442542854060815 3.31124733974107066 0.434999999999999998
 23.8593137003774238 10.2850639749308819 19.3767326617685676 0.434999999999999998
 23.3339629326597944 10.9370496260735202 19.8148494059847700 -0.699999999999999956
 23.6869092137196340 12.2209423074323329 19.2933625840618141 0.265000000000000013
 24.9026654501517797 12.5698076867175086 20.1719009843110868 0.000000000000000000E+00
 24.4396880633172096 13.0350847435646919 21.5650159112469311 0.000000000000000000E+00
 25.6525122963053960 13.6968400194127433 22.2452639062927595 0.000000000000000000E+00
 25.4482885399748966 14.0228711318608799 23.7364367235966718 0.265000000000000013
 26.6976398855352706 14.1119466839443657 24.4264271303180251 -0.699999999999999956
 26.5155663545586826 13.6092299244144161 25.2056254933844670 0.434999999999999998
 11.8089247878075128 2.58615769417239516 14.3061876486515889 0.434999999999999998
 12.3996825043786547 3.27586531327665575 14.0447804558255633 -0.699999999999999956
 12.0699248730778894 3.61963558650182327 12.6964548631567897 0.265000000000000013
 12.9509401818408811 2.74813584966698565 11.7821790653681457 0.000000000000000000E+00
 12.3665784655154187 2.53105969048024804 10.3739889767771647 0.000000000000000000E+00
 13.1482734981579448 1.39056122591310238 9.69589154405677434 0.000000000000000000E+00
 12.6523061161471571 0.773573452467445688 8.37492884836853158 0.265000000000000013
 11.5815177182395157 -0.169504453216059309 8.46935485494505080 -0.699999999999999956
 11.9161961208264877 -0.934462330499497340 8.91190972479041577 0.434999999999999998
 33.0829476434438305 37.1143546696478523 15.0318710644939326 0.434999999999999998
 32.8702125883266731 36.1969714269676288 14.9532785561116501 -0.699999999999999956
 33.8534544984877215 35.4418556691808746 14.2405825911693800 0.265000000000000013
 33.3451408259779072 34.0619113976469947 13.7834491119749423 0.000000000000000000E+00
 34.4436694967262866 33.1073053161179516 13.2798997214961325 0.000000000000000000E+00
 35.1529276855206660 33.4730816181679458 11.9627966433406119 0.000000000000000000E+00
 36.3266959040686359 32.5410397468545654 11.6090084026578584 0.265000000000000013
 37.3299626595413230 32.7587566202967864 12.6044757202438440 -0.699999999999999956
 38.0199424915967441 33.2241363786366435 12.1568436035628640 0.434999999999999998
 23.0767217518167911 2.15254411217073027 2.96696134380773158 0.434999999999999998
 23.3497412763258829 2.94609428723867994 2.53249217472152832 -0.699999999999999956
 23.7263229812873178 2.47381366348136789 1.23632967259776150 0.265000000000000013
 22.5040796725509082 2.07124403885604735 0.390363366189453609 0.000000000000000000E+00
 21.6502057652992903 0.817293111886762014 0.655139541982751261 0.000000000000000000E+00
 20.3088108443176765 0.971121894627534510 -0.855333760892013351E-01 0.000000000000000000E+00
 19.6937976311152312 -0.440076403748624556 -0.128870545432050648 0.265000000000000013
 20.4441216697502774 -1.09137600435845394 -1.15732699433588282 -0.699999999999999956
 20.5873663095738237 -2.02018554953946294 -1.05823712632471456 0.434999999999999998
 22.9137199835849081 19.6397178665170173 -2.01473707086171894 0.434999999999999998
 23.0471780310731589 20.4375173362500355 -1.52613707530876730 -0.699999999999999956
 23.6352495605939588 19.9916272795158605 -0.301288540398170768 0.265000000000000013
 22.8593022475552949 20.4120177542685610 0.960764396734535842 0.000000000000000000E+00
 23.0119612258329731 21.8857024537594427 1.38094131523158437 0.000000000000000000E+00
 23.2838731214463479 22.2126543015517406 2.86106509730156633 0.000000000000000000E+00
 22.9229923179844555 23.6646991602316383 3.22566182530935253 0.265000000000000013
 23.8351618932945755 24.6434992432174340 2.72088755553567241 -0.699999999999999956
 23.2491162370603206 25.3799441736095410 2.63589135968715516 0.434999999999999998
 13.4795730232940372 27.0524768188360056 21.5924627488967786 0.434999999999999998
 12.6014935788460125 26.7093361601656945 21.6577006029782666 -0.699999999999999956
 12.1558331109877997 27.3929134136556911 22.8320126934803866 0.265000000000000013
 11.1738481853152631 26.4750862186649734 23.5836102226722595 0.000000000000000000E+00
 10.1139006885358462 25.6722771669788195 22.8066874912492459 0.000000000000000000E+00
 9.12058725267440806 25.0419936773023437 23.8005039435070991 0.000000000000000000E+00
 8.10075948339313001 24.1584709084366835 23.0582514002991097 0.265000000000000013
 7.24705498172179929 23.7555053052667091 24.1323590981059759 -0.699999999999999956
 6.47700031577790902 24.3002327159084217 24.0748016524223516 0.434999999999999998
 11.9795259140936956 -0.367098767252989733 19.4398667235754523 0.434999999999999998
 12.0852168449774720 -0.234757707887290917 20.3695657453749241 -0.699999999999999956
 13.4897801313801597 -0.613505508062327440E-01 20.5745826528795170 0.265000000000000013
 13.7091371766049939 1.13680973722069112 21.5168641452720344 0.000000000000000000E+00
 13.9384088382400755 0.782624917044920321 22.9979406518469460 0.000000000000000000E+00
 13.8519636534316337 1.86937930331669033 24.0856410397950711 0.000000000000000000E+00
 14.3525204920215472 1.31555492256422757 25.4326085251580345 0.265000000000000013
 13.6439731492039531 1.90128151808129742 26.5279555104965219 -0.699999999999999956
 14.2154596848231130 2.23071278414882990 27.2046409474191400 0.434999999999999998
 0.635539675387605363 10.8682324269515167 22.5258559568856533 0.434999999999999998
 1.44436164584963156 10.4052602049184326 22.6823447479336835 -0.699999999999999956
 2.21404953160712692 10.7408662076749462 23.8398632874966374 0.265000000000000013
 1.63663146031453666 10.1006316348471969 25.1159071984577054 0.000000000000000000E+00
 0.262058578140648590 10.7221533458514884 25.4255201089483194 0.000000000000000000E+00
 0.503875083970180215 12.0307668899988389 26.2005397019796860 0.000000000000000000E+00
 -0.803709246537480104 12.8331185528813130 26.3349087001919351 0.265000000000000013
 -1.34643087562191877 13.2997823593208135 25.0969353058561246 -0.699999999999999956
 -1.52628872932372328 12.6174974235256183 24.4683150557458298 0.434999999999999998
 -0.838508443288502381 4.14417147022504473 12.4053087952528980 0.434999999999999998
 -0.882558797750097601 3.51382452587837024 13.1079803373154871 -0.699999999999999956
 0.413726981862262033 2.91872782132703934 13.2099758754871335 0.265000000000000013
 0.687162695121008249 2.08279419505280838 11.9458366888551009 0.000000000000000000E+00
 1.80730835549531221 1.04533422279839083 12.1472082496934597 0.000000000000000000E+00
 2.51424621818167804 0.621672708707936339 10.8463048021697706 0.000000000000000000E+00
 3.85099237574976216 -0.898374015040956792E-01 11.1264174104062210 0.265000000000000013
 3.82277315214155911 -1.39106217990916958 11.7188005224913105 -0.699999999999999956
 4.69764784084319320 -1.73809266609140045 11.8035892052817815 0.434999999999999998
 9.95597799975191933 13.1733169372115118 8.71805265628755066 0.434999999999999998
 9.94530681466369337 12.3825830207847858 9.23540263378949611 -0.699999999999999956
 10.8454480960245849 11.3982719524109317 8.71986660763158206 0.265000000000000013
 12.0677193709216652 11.9350780278143187 7.95208267450229389 0.000000000000000000E+00
 13.1840191399794371 12.6448194561009455 8.74058881308031665 0.000000000000000000E+00
 13.8693959994302638 11.8154937531195259 9.84244063565161653 0.000000000000000000E+00
 14.9423960895702095 12.6561670089387981 10.5590571882861965 0.265000000000000013
 15.3313392436836313 11.7249574838254293 11.5722067543456362 -0.699999999999999956
 16.1752040186176025 11.9576780129343341 11.9282382093561576 0.434999999999999998
 9.73513707715497567 26.5171042632732039 11.6645490391191089 0.434999999999999998
 10.3869010602310095 26.9273160725527667 11.1168675788774340 -0.699999999999999956
 11.5363763833095945 27.2768342639093859 11.8923954736331208 0.265000000000000013
 12.8549510701605545 27.0968929006863988 11.1174232799401143 0.000000000000000000E+00
 13.5073856125831870 25.7761257631137504 11.5663145097073201 0.000000000000000000E+00
 14.3878039924306016 25.0661226734345988 10.5211546707004224 0.000000000000000000E+00
 15.3362916681741659 24.0709131806560315 11.2150777171875653 0.265000000000000013
 15.5194683360425341 23.0339552886960917 10.2475733819773112 -0.699999999999999956
 15.7487318827649894 22.2775508628079031 10.7655652454664974 0.434999999999999998
 23.5988780475285118 18.5383945677225590 24.0319413751526412 0.434999999999999998
 23.6494543160258814 19.1376692398592319 23.3030127720642675 -0.699999999999999956
 24.1908562347891731 20.4019899868424623 23.6945188526137080 0.265000000000000013
 24.0041297802210210 21.2744441626747403 22.4393069413265174 0.000000000000000000E+00
 25.0221200327471500 22.4233221188073735 22.3153098136409973 0.000000000000000000E+00
 25.1063557716575971 23.1629731581520915 20.9671923557440607 0.000000000000000000E+00
 24.2358774158520340 24.4047119820877469 20.6989534226919716 0.265000000000000013
 24.8950049875056898 25.3696926629129678 21.5231276335965056 -0.699999999999999956
 24.3068828127260375 25.5429226692063267 22.2422442252922110 0.434999999999999998
 -0.638141033261222179 9.47255014414595742 36.6202102658451309 0.434999999999999998
 -0.975760309828004435 8.66815583520100930 36.2569087108973065 -0.699999999999999956
 -0.113379330348343365E-01 7.74872761582758507 35.7378314251676699 0.265000000000000013
 0.847197300332397596 8.51013413570462518 34.7108078789157659 0.000000000000000000E+00
 1.94356135455597223 9.36907269639735496 35.3679307057613670 0.000000000000000000E+00
 2.82911766582150381 10.1671078924702165 34.3929795042098760 0.000000000000000000E+00
 3.70184671762901596 11.0827409198833209 35.2713644774656316 0.265000000000000013
 2.98581964805568933 11.3862623313602356 36.4713978055083743 -0.699999999999999956
 2.49550631198815820 12.1760513831586898 36.3015417307461234 0.434999999999999998
 24.3589128312902012 14.0089068300860031 32.9260704737000367 0.434999999999999998
 23.7545217937133764 13.5183363526184621 32.3902747287243287 -0.699999999999999956
 24.4795884998455477 12.4749168298407742 31.7341848178546684 0.265000000000000013
 25.0993099680367706 11.4007009037930693 32.6472047771591463 0.000000000000000000E+00
 26.1465085284867662 11.9739802413067036 33.6199976513987693 0.000000000000000000E+00
 26.6969790945186354 10.9252942321084756 34.6042942581410884 0.000000000000000000E+00
 27.4367029274159790 11.5141472451874822 35.8198849705239653 0.265000000000000013
 26.5595068025103345 12.4128767961645092 36.5037798108693750 -0.699999999999999956
 26.0090420856958922 11.9755083330076388 37.1352245218126029 0.434999999999999998
 25.6987751530764292 2.55538938791659609 22.4720666826719899 0.434999999999999998
 25.5638132552317110 3.28248855190794986 23.0604008494966202 -0.699999999999999956
 24.7405891223480872 2.93135555554003657 24.1757069267237235 0.265000000000000013
 25.5049291758216370 1.67228480794713041 24.6252902173517150 0.000000000000000000E+00
 24.8774593762777982 0.974819566539953053 25.8465288867727452 0.000000000000000000E+00
 23.4982750230492812 0.411555672935939254 25.4564208171667872 0.000000000000000000E+00
 22.7301483975077012 -0.193332373343082231 26.6462493504449469 0.265000000000000013
 21.3392792710499926 -0.261874686146241376 26.3211570182954979 -0.699999999999999956
 21.2008406973392738 -1.14618797966692543 26.0180897646841203 0.434999999999999998
 9.60174516694080893 13.1052067457000625 33.7681267254951010 0.434999999999999998
 9.57394941809633693 12.2354030688403999 33.3997601145385659 -0.699999999999999956
 8.55556626684288801 11.5003368159624753 34.0834803505437804 0.265000000000000013
 9.15967236998219292 10.9355659022027112 35.3825914432225161 0.000000000000000000E+00
 9.85895794345235110 9.58811934099149354 35.1237721019503226 0.000000000000000000E+00
 10.5274577797255144 9.07893210489659452 36.4142899544037206 0.000000000000000000E+00
 11.8672731168501002 8.37000619249419309 36.1424096257106982 0.265000000000000013
 12.8959905795351624 9.24115059439754560 35.6651803170976933 -0.699999999999999956
 12.9194741497145795 9.31114484311638435 34.7230686851357930 0.434999999999999998
 -1.38414039491209628 9.28784933560876702 10.2710538464354926 0.434999999999999998
 -0.937145376367728544 9.48032296739017255 9.46100794991765071 -0.699999999999999956
 -0.724946654757635423 10.8787874449754529 9.25084418643980477 0.265000000000000013
 0.644674402560728388 11.1336850558180860 8.59451700634070193 0.000000000000000000E+00
 1.71146871281696655 10.5888559754724731 9.56235540856219757 0.000000000000000000E+00
 1.55306928314175607 11.1143846623102398 11.0012192728624782 0.000000000000000000E+00
 2.81452507118131123 10.6277861663197708 11.7384785206995748 0.265000000000000013
 2.71110875316926014 11.1236324649585114 13.0757673875099965 -0.699999999999999956
 3.49769712099079833 10.8862983613450606 13.5426466683416145 0.434999999999999998
 11.6541527759683969 20.9386659685341421 25.9573716905976006 0.434999999999999998
 11.8203726757375360 21.1901813714737983 26.8529921163387897 -0.699999999999999956
 11.4808702566511958 22.5789919568177169 26.8820311499179461 0.265000000000000013
 12.3657734380100397 23.2353250929426913 25.8060324630946987 0.000000000000000000E+00
 13.8901144180707750 23.3072989587776682 26.0129245585073683 0.000000000000000000E+00
 14.7739273693202691 23.7437358558676195 24.8297096574593148 0.000000000000000000E+00
 14.4549410548117088 25.1781764880727863 24.3690277673929927 0.265000000000000013
 15.1863737413194730 25.4444515935532642 23.1694429253291254 -0.699999999999999956
 14.9910701737237844 24.7841286520785857 22.5222527450523984 0.434999999999999998
 26.9320677308943246 26.4742641619215995 11.4831097624645402 0.434999999999999998
 26.2657269157598243 26.4648328832190884 12.1531291420857031 -0.699999999999999956
 26.2180086735176694 25.1692427464020447 12.7565105859002337 0.265000000000000013
 25.1076992353683828 25.1247294572196722 13.8227336013349884 0.000000000000000000E+00
 25.0559447699486988 23.7590290816453980 14.5325110026837478 0.000000000000000000E+00
 23.9399642798858707 23.7923924321658475 15.5932062617667579 0.000000000000000000E+00
 22.5566559825431909 23.5064313459029890 14.9797860048088829 0.265000000000000013
 22.4600060213667092 22.1649939813560302 14.4938800653495097 -0.699999999999999956
 21.5449342790662151 22.0984116190351614 14.2675274743086451 0.434999999999999998
 14.4592140765692481 35.8653137367074351 15.3595710430840864 0.434999999999999998
 13.7883670945633376 35.2869520966521790 15.0301971824846792 -0.699999999999999956
 13.9809212675111585 35.1588651386361875 13.6190215656082412 0.265000000000000013
 13.1888441537419965 33.9000805460548165 13.2194277777149942 0.000000000000000000E+00
 13.7387070380187417 33.1664232153820748 11.9820928474535791 0.000000000000000000E+00
 12.8740930865338417 32.0298297077628575 11.4057267196012315 0.000000000000000000E+00
 11.3717672316777154 32.3243732781911390 11.2388102406359209 0.265000000000000013
 11.2347491503357269 33.4629376985192195 10.3845286090013058 -0.699999999999999956
 10.3720366141791160 33.8257853583787309 10.5152713169918854 0.434999999999999998
 22.7408477224161025 4.73289651962791069 12.2209499189596471 0.434999999999999998
 22.2536397026233068 4.00296451286212474 11.8704465510037132 -0.699999999999999956
 23.0709177016840385 3.39520168633998942 10.8666631984075899 0.265000000000000013
 22.5131619055406915 1.99975062474148380 10.5301742586902005 0.000000000000000000E+00
 23.3146449725028901 1.26490773850673421 9.43965565457421540 0.000000000000000000E+00
 22.8776291537355121 -0.127521016834502954 8.94796537050714669 0.000000000000000000E+00
 23.7791675605778501 -0.697496742937276482 7.83712957137129251 0.265000000000000013
 25.1132024159793232 -0.748082449644593028 8.34966453686231880 -0.699999999999999956
 25.1759670658911787 -1.43788092085959218 8.99252040549143139 0.434999999999999998
 4.21281962389409603 23.8873804970774444 22.9887905886462818 0.434999999999999998
 3.49055004054736084 23.4112195072578793 23.3690830560265681 -0.699999999999999956
 2.66099410133546588 22.7712535536161553 22.3958510580437071 0.265000000000000013
 1.58716486759330344 23.7218674090820834 21.8347591987577943 0.000000000000000000E+00
 2.04580976022935701 24.9520181540747572 21.0297908720188893 0.000000000000000000E+00
 2.59185823568529550 26.0593534182471167 21.9502471040976204 0.000000000000000000E+00
 1.59110543999093212 26.8224645192276903 22.8378028992283433 0.265000000000000013
 0.662285070989140467 27.4517758993888386 21.9511463090385170 -0.699999999999999956
 0.458351119608966462 28.3045923907278798 22.3034813421740807 0.434999999999999998
 22.6872431785951818 32.9367222724791944 -1.18621658543032527 0.434999999999999998
 22.5013212099611373 32.0693474303430079 -0.860457618081046927 -0.699999999999999956
 23.7545686533540064 31.6429433133230091 -0.319670807389743072 0.265000000000000013
 24.4844028533542328 32.7466478525408959 0.468224065432715941 0.000000000000000000E+00
 23.8981270724865738 33.1900623111290827 1.82146621918161089 0.000000000000000000E+00
 24.6004465204196023 34.2467961882707144 2.69419808290394558 0.000000000000000000E+00
 23.8531808512674317 34.7397414732616596 3.94727388496532416 0.265000000000000013
 22.6773093599460793 35.5144135349310588 3.69805624360224039 -0.699999999999999956
 22.0865158012579101 35.4631437032979662 4.43382752285747372 0.434999999999999998
 36.6900773361424228 23.6601999681950019 15.8566567193368790 0.434999999999999998
 36.6437836327000639 24.1019189607818340 15.0225306949199062 -0.699999999999999956
 35.3357035326613982 24.6325217761240864 14.7938669587619600 0.265000000000000013
 35.1833483389109887 25.3109100451321147 13.4197573374400037 0.000000000000000000E+00
 33.8232522946069949 25.9640114494445733 13.1112167307870813 0.000000000000000000E+00
 33.7384970347492086 26.7596825313991786 11.7954188453701594 0.000000000000000000E+00
 34.2498742275188093 26.0198327714614734 10.5453325685735564 0.265000000000000013
 33.4718403426103919 24.8749616397951954 10.1863989175856631 -0.699999999999999956
 34.0010135552051054 24.2664920415598573 9.69368656834371301 0.434999999999999998
 22.5456509876324702 11.3132436244097541 9.25562890874940258 0.434999999999999998
 21.6520131653816250 11.0955991598359240 9.03867884610101591 -0.699999999999999956
 20.9303820810744767 10.9088062079786212 10.2590300133058197 0.265000000000000013
 21.5666323411821708 9.74222722241320405 11.0374123595535050 0.000000000000000000E+00
 23.0174534763156586 10.0036571702373980 11.4828025438084058 0.000000000000000000E+00
 23.7731895876099664 8.68784743294152584 11.7456859120977359 0.000000000000000000E+00
 25.3057994149824950 8.83776042474090140 11.7304146341267259 0.265000000000000013
 25.7389803589212427 9.64772982602063145 12.8264090861194813 -0.699999999999999956
 25.6715043045419833 9.13341474247029517 13.6163153950688542 0.434999999999999998
