 587880
 0.100000000000000002E-01 0.100000000000000002E-01 0.100000000000000002E-01
 2.39822399999999991 2.39822399999999991 2.39822399999999991
 2.37992424242424239 3.14150000000000018 3.14150000000000018
 0.299999999999999989 0.299999999999999989 0.299999999999999989
 0.400000000000000022 0.400000000000000022 0.400000000000000022
 0.299999999999999989 0.299999999999999989 0.299999999999999989
 0.400000000000000022 0.400000000000000022 0.400000000000000022
 0.299999999999999989 0.299999999999999989 0.299999999999999989
 0.400000000000000022 0.400000000000000022 0.400000000000000022
 0.299999999999999989 0.299999999999999989 0.299999999999999989
 0.400000000000000022 0.400000000000000022 0.400000000000000022
 0.299999999999999989 0.299999999999999989 0.299999999999999989
 0.400000000000000022 0.400000000000000022 0.400000000000000022
 0.909610000000000030 0.909610000000000030 0.909610000000000030
 0.785936685877980268 0.798628615874132031 0.433561782061703371
 0.299999999999999989 0.299999999999999989 0.299999999999999989
 0.400000000000000022 0.400000000000000022 0.400000000000000022
 0.299999999999999989 0.299999999999999989 0.299999999999999989
 0.400000000000000022 0.400000000000000022 0.400000000000000022
 0.299999999999999989 0.299999999999999989 0.299999999999999989
 0.400000000000000022 0.400000000000000022 0.400000000000000022
 125.439999999999998 125.439999999999998 125.439999999999998
 3.14150000000000018 3.14150000000000018 3.14150000000000018
 0.872152000000000038 0.872152000000000038 0.872152000000000038
 0.955329234580006958 1.05327077694005999 0.885292512849709001
 0.299999999999999989 0.299999999999999989 0.299999999999999989
 0.400000000000000022 0.400000000000000022 0.400000000000000022
 0.820172000000000012 0.820172000000000012 0.820172000000000012
 0.824817834356821988 0.197419220283497010 0.507100626785712993
 0.299999999999999989 0.299999999999999989 0.299999999999999989
 0.400000000000000022 0.400000000000000022 0.400000000000000022
 0.299999999999999989 0.299999999999999989 0.299999999999999989
 0.400000000000000022 0.400000000000000022 0.400000000000000022
 125.439999999999998 125.439999999999998 125.439999999999998
 3.14150000000000018 3.14150000000000018 3.14150000000000018
 0.299999999999999989 0.299999999999999989 0.299999999999999989
 0.400000000000000022 0.400000000000000022 0.400000000000000022
 0.299999999999999989 0.299999999999999989 0.299999999999999989
 0.400000000000000022 0.400000000000000022 0.400000000000000022
 0.299999999999999989 0.299999999999999989 0.299999999999999989
 0.400000000000000022 0.400000000000000022 0.400000000000000022
 0.100000000000000006 0.100000000000000006 0.100000000000000006 0.100000000000000006 0.100000000000000006 0.100000000000000006 0.100000000000000006 0.100000000000000006 0.100000000000000006 0.100000000000000006
 0.100000000000000006 0.100000000000000006 0.100000000000000006 0.100000000000000006 0.100000000000000006 0.100000000000000006 0.100000000000000006 0.100000000000000006 0.100000000000000006 0.100000000000000006
 1000.00000000000000 1000.00000000000000
 40.0439999999999969 39.7980000000000018 40.1490000000000009
 128.000000000000000 128.000000000000000 128.000000000000000
 124
 10
 4 3 4 5 6 7 8 9 10 7
 1 1 1 1 1 1 1 1 1 1 1 1 1 1 1 1 1 1 1 1 1 1 1 1 1 1 1 1 1 7 7 7 7 7 7 7 7 7 7 7 7 7 7 7 7 7 7 7 7 7 7 7 7 7 7 7 7 7 7 7 7 7 7 7 7 7 7 7 7 7 7 7 7 7 7 7 7 7 7 7 7 7 7 7 7 7 7 7 7 7 7 7 7 7 7 7 7 7 7 7 7 7 7 7 7 7 7 7 7 7 7 7 7 7 7 7 7 7 7 7 7 7 7 7
 1 2 2 2 2 2 1 2 2 1 2 2 2 2 2 2 2 2 2 2 2 2 2 2 2 2 2 2 2 1 1 1 2 1 1 1 1 1 1 1 1 1 1 1 1 1 1 1 1 1 1 1 1 1 1 1 1 1 1 1 1 1 1 1 1 1 1 1 1 2 1 1 1 1 1 1 1 1 1 1 1 1 1 1 1 2 1 1 1 1 1 1 2 1 1 1 1 1 1 1 1 1 1 1 1 1 1 1 1 2 1 1 1 1 1 1 1 1 1 1 1 1 1 1
 20.2366682167644356 7.00183446207913374 8.29174587018301246 0.000000000000000000E+00
 20.6859777641706373 7.75327858452198360 7.90485505683634759 0.520000000000000018
 19.9533535174110419 7.30892169927606616 9.15294724442188823 0.520000000000000018
 20.2579183237911487 7.13734054673420903 8.35246270437173344 -1.04000000000000004
 39.5625077508607887 12.4988014836860035 51.8139273296916798 0.000000000000000000E+00
 40.2672286424706840 12.9584790305704818 52.2703228355931628 0.520000000000000018
 38.9818298307214377 13.1947694154764434 51.5062271702380272 0.520000000000000018
 39.5783879418422657 12.6467388571361532 51.8329629032747832 -1.04000000000000004
 74.0567897759063101 60.7755029654330485 32.7361158132171681 0.000000000000000000E+00
 73.4248985184057830 60.7064637478597220 32.0204490855226709 0.520000000000000018
 74.6777521635638095 60.0645451749894690 32.5774263981347190 0.520000000000000018
 74.0553896809054493 60.6756537990289360 32.6241864440435165 -1.04000000000000004
 30.7887437111821782 54.2649053719088243 35.8222788495585078 0.000000000000000000E+00
 31.6352820484777517 53.8182463476548918 35.8122588911493196 0.520000000000000018
 30.1918756016883769 53.6388112219694833 36.2321473313710598 0.520000000000000018
 30.8207059498316447 54.1275792378778746 35.8734642791369396 -1.04000000000000004
 113.331719463178231 79.0260547661781345 121.860196135980701 0.000000000000000000E+00
 113.607562826483289 79.5716884653279237 121.123700280406212 0.520000000000000018
 112.400693569447341 78.8665920807416398 121.705276691549486 0.520000000000000018
 113.247848641957930 79.0754902478047512 121.746082953199064 -1.04000000000000004
 107.198894748621129 95.6990725979351140 22.6281347837227607 0.000000000000000000E+00
 106.893420117652440 94.7962733356057043 22.5394184843899126 0.520000000000000018
 106.974450248236451 95.9411878345620863 23.5266015196515355 0.520000000000000018
 107.131058175258886 95.6144955276122062 22.7317924823255524 -1.04000000000000004
 3.56612086888883262 34.0881851441750712 3.54131013474347567 0.000000000000000000E+00
 4.29708747442012395 33.8411615324379369 4.10778961085237260 0.520000000000000018
 2.78555799422865880 33.9161066460715546 4.06794870749084403 0.520000000000000018
 3.55977318152892330 34.0345345884590031 3.68124342142205929 -1.04000000000000004
 48.2528791728193482 103.738032629399498 127.226983513206065 0.000000000000000000E+00
 47.5351781858887676 103.344985575274762 126.730343657163999 0.520000000000000018
 48.9907835397188194 103.142984458292943 127.094121116325923 0.520000000000000018
 48.2554642373124807 103.611543827216806 127.146398773041753 -1.04000000000000004
 79.8448369652494279 20.5588580758814174 28.6930986633204270 0.000000000000000000E+00
 80.1057866380906489 20.6609183335970350 29.6083695587430213 0.520000000000000018
 80.6304357148139985 20.2321249877381568 28.2545582535950643 0.520000000000000018
 79.9788082604069643 20.5300974089293575 28.7541274769913571 -1.04000000000000004
 16.6686185073014350 25.0738129930137674 36.6538127167972263 0.000000000000000000E+00
 16.9961622547471372 24.6713248898227953 35.8494805339693769 0.520000000000000018
 17.3805890888883070 25.6439913401643658 36.9440404559515940 0.520000000000000018
 16.8016894659448717 25.0952786922025837 36.5879997719660324 -1.04000000000000004
 29.6929230988025665 69.7222523391246796 0.645202100276947021 0.000000000000000000E+00
 29.1907102035880648 69.6504571833342965 1.45690371018859377 0.520000000000000018
 29.6249388653309076 70.6454863236628654 0.401779112673976646 0.520000000000000018
 29.6199301223159956 69.8312466846391118 0.717950007577876526 -1.04000000000000004
 30.6935725704171247 10.1100288985623230 37.7142330062515327 0.000000000000000000E+00
 31.0278662433950281 10.9538864650280026 38.0181803499569213 0.520000000000000018
 31.4336918352920414 9.51046199493474909 37.8089990284476158 0.520000000000000018
 30.8311109844308255 10.1413024832794960 37.7652736523414418 -1.04000000000000004
 98.0083430164107057 66.8446559262743989 16.6337146367550552 0.000000000000000000E+00
 97.2819669089576280 67.2549497155896603 16.1643868227745635 0.520000000000000018
 97.5890159496531595 66.3375895501195743 17.3289024519322403 0.520000000000000018
 97.8616779276516979 66.8322685580029514 16.6626266554381495 -1.04000000000000004
 57.9807964383652461 3.82679515160481287 101.712013486777423 0.000000000000000000E+00
 57.7436356780334563 4.20124767419679301 100.863619756210625 0.520000000000000018
 58.8406265697753383 4.19952876262598807 101.906947828248818 0.520000000000000018
 58.0605052473504202 3.92244464526862657 101.628361349240222 -1.04000000000000004
 25.2706082233965219 5.12437936971185781 34.8380820488929714 0.000000000000000000E+00
 24.6148908498256418 5.51880984114292161 34.2630245132753544 0.520000000000000018
 26.1087898452140585 5.43093402466902919 34.4920857924168160 0.520000000000000018
 25.2939647459979611 5.21411460948174010 34.7201750534165967 -1.04000000000000004
 32.5376538411059073 63.1429173985337755 71.8322754740305101 0.000000000000000000E+00
 32.9784529524251369 63.8988906781404040 71.4444193358012285 0.520000000000000018
 32.6283949502776309 63.2706011990223303 72.7765744178804823 0.520000000000000018
 32.6056981620797117 63.2560374682496587 71.9035062271424010 -1.04000000000000004
 3.29254192740422669 27.4819991266874695 108.486332416534424 0.000000000000000000E+00
 4.08095556386443192 28.0215253027468769 108.545891489854554 0.520000000000000018
 3.60787826673250489 26.5840727102604859 108.588942069610525 0.520000000000000018
 3.43383660423738046 27.4361204731188550 108.507092075270833 -1.04000000000000004
 66.8668148280133465 109.103361193306199 108.541867445994740 0.000000000000000000E+00
 66.7427223924796635 109.221876863445829 107.600173789117093 0.520000000000000018
 67.1883089401210469 108.206133668011731 108.630534806752692 0.520000000000000018
 66.8920844202180831 109.003676858847555 108.432668173292356 -1.04000000000000004
 43.8236862098203801 28.3825385747110843 120.487566471970936 0.000000000000000000E+00
 44.3488642078612330 29.0608773343665732 120.062976743512280 0.520000000000000018
 43.5067113097593889 28.7928973283554974 121.292159663063629 0.520000000000000018
 43.8503396114633617 28.5219061683657920 120.536210793413019 -1.04000000000000004
 80.6428354478480713 77.6525342210975111 112.981621347570410 0.000000000000000000E+00
 79.7723263054335661 77.2587179571004583 113.039538729948788 0.520000000000000018
 80.5219200877562429 78.4211547202884702 112.424091437111429 0.520000000000000018
 80.5159196512908437 77.7005130305526563 112.917664999852263 -1.04000000000000004
 116.524345780191837 116.678939282454877 29.9252438791033093 0.000000000000000000E+00
 116.877189416904088 116.168462671651000 29.1964456643108754 0.520000000000000018
 117.149510288406802 116.544250127959899 30.6374698028466383 0.520000000000000018
 116.649543246206179 116.596349399923668 29.9231211942251214 -1.04000000000000004
 109.160345176506681 31.2673323155536877 123.611724742403666 0.000000000000000000E+00
 109.310267872530005 30.3287254134298330 123.724738495959926 0.520000000000000018
 108.788521394363386 31.5531664854909977 124.446160779173681 0.520000000000000018
 109.131939407239258 31.1837679259895779 123.733009964310853 -1.04000000000000004
 7.78077245306832310 11.5383571294402998 76.9463968777105833 0.000000000000000000E+00
 7.78254585223149586 12.4234288431341042 76.5818742354952917 0.520000000000000018
 8.53160728430283299 11.5217190277917609 77.5398678769115435 0.520000000000000018
 7.87711541107524926 11.6495286292535525 76.9757044203099809 -1.04000000000000004
 107.664061746226224 110.360971017413064 89.2477247408415764 0.000000000000000000E+00
 107.763034720519244 109.509850489853378 88.8210749571910867 0.520000000000000018
 107.320375879392415 110.155135662690114 90.1170632415573181 0.520000000000000018
 107.632735703790331 110.225666444510523 89.3043935294206648 -1.04000000000000004
 62.0193272076275974 52.2323477428842935 104.188014275551453 0.000000000000000000E+00
 62.1735748392932877 51.2963270779077405 104.315704615254518 0.520000000000000018
 61.2807305363449473 52.2731914807453109 103.580524075310478 0.520000000000000018
 61.9445237244153049 52.1177526892589853 104.126594306737530 -1.04000000000000004
 58.9659067080938399 125.306406887419797 35.7141852520998029 0.000000000000000000E+00
 59.5367159547379927 126.069782325050625 35.8017442903942253 0.520000000000000018
 58.2760055726789545 125.590137096195690 35.1143759581699015 0.520000000000000018
 58.9506624704107054 125.440450362771941 35.6486111724888914 -1.04000000000000004
 77.0433631514335104 95.9947410566723107 61.5479119398687544 0.000000000000000000E+00
 76.8577156500157628 96.3046232636164916 62.4343316277233100 0.520000000000000018
 76.8387524936217829 95.0599903201887884 61.5726735331533632 0.520000000000000018
 76.9934050739343121 95.9147508516501404 61.6645556605547540 -1.04000000000000004
 27.0921133333791175 37.2754560160356334 52.1246992970780738 0.000000000000000000E+00
 27.1315288886211263 36.3269049313700165 52.2468839678623027 0.520000000000000018
 26.6380121837698951 37.5989961321511927 52.9027426996636692 0.520000000000000018
 27.0390286289561814 37.1954454511496238 52.2399395836285763 -1.04000000000000004
 46.7102681316424437 94.6747226372118291 67.2440580282343063 0.000000000000000000E+00
 47.0873316888921707 93.8718580050741735 66.8842479446339411 0.520000000000000018
 46.4694231529097692 95.1921332653563610 66.4756066405422814 0.520000000000000018
 46.7277063940452706 94.6381797162772216 67.0996263076242485 -1.04000000000000004
 20.4095530108193870 23.3733260992250997 9.14504190843282139 0.434999999999999998
 19.8227066445151792 23.7119821642843647 8.48629429974333327 -0.699999999999999956
 20.3241980067560348 23.1194171245187121 7.28534755352793795 0.265000000000000013
 19.6081385740211118 23.8294791251646032 6.12144427402827151 0.000000000000000000E+00
 20.2723927570272515 25.1637932523943029 5.73418184332512659 0.000000000000000000E+00
 20.1266597104145504 26.5458178667079245 6.39778552366171205 0.265000000000000013
 18.7117351664381673 26.7509173490160244 6.36910212759078842 -0.699999999999999956
 18.3813529900877697 26.3490180391664950 7.15799347770970495 0.434999999999999998
 9.01386112012158947 31.6985532018701761 14.6540030655710147 0.434999999999999998
 9.80408127624716030 31.4108714473531805 14.2229389021673498 -0.699999999999999956
 10.1714584777375094 32.5460798905894038 13.4347537829026482 0.265000000000000013
 9.97147230356887349 33.8906685725220669 14.1584158632688748 0.000000000000000000E+00
 10.9978436499376038 34.1723385842204195 15.2714405098347488 0.000000000000000000E+00
 10.7882694507525247 35.6470624323067753 15.6624241756333404 0.265000000000000013
 10.9753430169191635 36.5185548046840580 14.5442092921114341 -0.699999999999999956
 10.1224475257436985 36.8825031413569491 14.3621766319495840 0.434999999999999998
 29.5539980489826561 29.8512624854652060 24.9015886901655108 0.434999999999999998
 29.4163349173877293 30.7712352914144311 25.0680936405825463 -0.699999999999999956
 30.1130621904603686 31.1927989536390022 26.2435744722631696 0.265000000000000013
 29.9714804905187115 32.7184666946154010 26.3981466767036608 0.000000000000000000E+00
 30.3473619288893666 33.1939614427163008 27.8138507025568309 0.000000000000000000E+00
 30.8525005359229638 34.6335950906838548 28.0233499801778514 0.265000000000000013
 31.6668814734299566 34.5530777710792094 29.1960394744042304 -0.699999999999999956
 31.0620931127268989 34.5315631350749612 29.9218446543221717 0.434999999999999998
 35.9364212981883071 8.23856143853085676 40.1359317009163803 0.434999999999999998
 35.7659858644008608 7.95154821872711182 39.2518501579761505 -0.699999999999999956
 36.3521617104374428 6.66476393547727142 39.0385801743767615 0.265000000000000013
 37.0823681051406027 6.60444196542165418 37.6840470883787759 0.000000000000000000E+00
 38.2587833050848189 7.59814781440750586 37.6980457680134293 0.000000000000000000E+00
 39.0192519014371300 7.61699338041368090 36.3590415265698681 0.265000000000000013
 40.0489389118999810 6.63654534939836083 36.2061810707212359 -0.699999999999999956
 40.0492507745318278 6.25072617583171208 35.3435290736505507 0.434999999999999998
 9.95049465642568265 5.82362228050512876 11.9386985052593193 0.434999999999999998
 9.21623927774172280 6.05913609763346361 12.4849834865788782 -0.699999999999999956
 9.46677208716923069 5.67574536001974828 13.8396586704190394 0.265000000000000013
 10.3866782002069993 4.44082691903989879 13.8209721157966712 0.000000000000000000E+00
 9.80934821282915692 3.30482765588627503 12.9562202671205799 0.000000000000000000E+00
 10.4861431376264882 1.99174042925330208 13.3913645707968403 0.265000000000000013
 9.90417608095191149 0.886251777421790954 12.6955850183398233 -0.699999999999999956
 9.69995368119200307 1.18574022979628313 11.8228737955801790 0.434999999999999998
 29.1660012080352757 23.6722580871898352 27.8953446396828362 0.434999999999999998
 29.2641959776273843 23.1221374323477420 27.1332750547098804 -0.699999999999999956
 30.5587926604525322 22.5158770557211376 27.1702586260720338 0.265000000000000013
 30.6568735773421679 21.2462797061253319 26.3041739283424292 0.000000000000000000E+00
 30.1171431721120477 19.9850420149931409 27.0038671297798203 0.000000000000000000E+00
 29.8526182414715677 18.7873085547697443 26.0727059625639157 0.265000000000000013
 31.1400331190405204 18.1863013212275781 25.9106774519736156 -0.699999999999999956
 31.0963760390247117 17.2423932786069400 25.9231940985121412 0.434999999999999998
 8.81936618018006335 7.43892296666645603 40.2777615107240763 0.434999999999999998
 9.15309769384269778 8.16384509370503153 40.7838604995773721 -0.699999999999999956
 10.2641280758093245 8.72346812301933561 40.0786416999072301 0.265000000000000013
 9.84233491376279623 10.0448511637214857 39.4095846110160508 0.000000000000000000E+00
 9.76867970319393919 11.2522029586227088 40.3627249749209938 0.000000000000000000E+00
 9.61760431384802494 12.7247462167891516 39.9379984987477741 0.265000000000000013
 10.9531117237132811 13.1844548587912733 39.7144187083740334 -0.699999999999999956
 10.9121078598960715 14.0695212866122272 40.0430539187461392 0.434999999999999998
 28.8125214800636655 8.02561167871913383 27.2939345775078479 0.434999999999999998
 29.5891039196764005 7.95145975385564441 26.7605995922273259 -0.699999999999999956
 29.5038117083440454 6.82913663149667460 25.8785474125324697 0.265000000000000013
 29.2449593145211395 5.63305203073205529 26.8134148181178240 0.000000000000000000E+00
 30.1705344834491527 4.43633502152770642 26.5257014076815558 0.000000000000000000E+00
 29.6098240201584488 3.33250806295932955 25.6098576317601250 0.265000000000000013
 29.2217094834061797 3.95716824090504415 24.3834536328876510 -0.699999999999999956
 30.0291502148011347 4.01094396631747152 23.8954242929492153 0.434999999999999998
 10.4441668564072412 29.9571377626202349 14.4321916534828638 0.434999999999999998
 10.6574829403459805 29.0391904556615081 14.3622345953667647 -0.699999999999999956
 9.78850062695887679 28.3920964075206577 13.4289398767054600 0.265000000000000013
 9.94634602285315239 26.8955585590498423 13.7561390501294127 0.000000000000000000E+00
 9.36550226388369111 25.9396552333198827 12.6976167973993981 0.000000000000000000E+00
 9.61895496010309792 24.4604949744854352 13.0432273578050797 0.265000000000000013
 9.33289770363919757 23.7363819878111286 11.8437559623337414 -0.699999999999999956
 9.90266076562693343 23.9238706239528618 11.1135210244458946 0.434999999999999998
 28.1916915023891512 35.5521279143705939 18.5368393041700088 0.434999999999999998
 27.8420257763461585 35.6436519432990195 17.6636942806146244 -0.699999999999999956
 27.3746120191149807 34.3443787289168441 17.2917890588980576 0.265000000000000013
 26.0845283224451521 34.1097921447811245 18.0994109940448453 0.000000000000000000E+00
 24.8913693805584835 34.7795174332908346 17.3927004611344600 0.000000000000000000E+00
 23.5422915499842027 34.9239437014668752 18.1212126848573938 0.265000000000000013
 22.5244372928237837 35.4980867120572299 17.2970570475105028 -0.699999999999999956
 21.7113472645787411 35.6311624660160220 17.7598749919300936 0.434999999999999998
 9.58381606359426641 25.5045978753883311 23.9950767016520956 0.434999999999999998
 8.80606820688788972 25.5314832572191932 24.5311834518730301 -0.699999999999999956
 7.66063382362855894 24.8704694297619788 23.9871790460474124 0.265000000000000013
 6.33497878828350824 25.4821143347942680 24.4772088792334692 0.000000000000000000E+00
 5.20111616213988182 24.4447787424388210 24.5766594391476616 0.000000000000000000E+00
 3.93549319121821828 25.0168243011264764 25.2419130556437707 0.265000000000000013
 4.07898694832368847 24.9726720694324342 26.6640101416784034 -0.699999999999999956
 4.76992877793276460 25.5402446393870832 26.9697645626301181 0.434999999999999998
 14.5137941287988834 35.4523842996589025 27.1435475966303699 0.434999999999999998
 15.3075466137369229 35.0919965302650780 27.5083799530984159 -0.699999999999999956
 15.0276767251676624 34.9390163884568921 28.9023562519229564 0.265000000000000013
 13.6532278772931832 34.2458338628594348 28.8577653247868398 0.000000000000000000E+00
 12.4359692075452219 35.1720183639408290 28.6787022049658376 0.000000000000000000E+00
 11.2202102878346803 34.3872598742948625 29.2056598522894575 0.265000000000000013
 9.97479719521912678 35.0056868891203266 28.8719020717422055 -0.699999999999999956
 9.27882304073338915 34.5626722387232164 29.3327523682826232 0.434999999999999998
 8.88921969010940316 14.3194384447660994 28.1276124947689006 0.434999999999999998
 9.20595862198825898 13.5493564841786842 27.6807621585151509 -0.699999999999999956
 10.6079224429912564 13.5760855172854242 27.9612670664719438 0.265000000000000013
 11.2574733991257894 14.9286738265158316 27.6145850491737583 0.000000000000000000E+00
 12.7510348878045736 14.9506647053834971 27.9892722264059621 0.000000000000000000E+00
 13.0049587626050549 14.2365438683876384 29.3298519875446431 0.265000000000000013
 14.2289040689605031 14.4601873330738222 30.0347218249994938 -0.699999999999999956
 14.7187702726598317 15.0237722184759246 29.4555602072972249 0.434999999999999998
 40.6799333468944084 33.9456170065570930 29.9322726803091079 0.434999999999999998
 39.7985745052379016 34.1565133050742347 30.2001426926390941 -0.699999999999999956
 38.9925162864299821 34.3029486875471861 29.0280817613508653 0.265000000000000013
 37.4745189890855528 34.4146376238554268 29.2621966621182494 0.000000000000000000E+00
 36.5280976438525613 34.3378290241412998 28.0497664264769071 0.000000000000000000E+00
 35.1132831318903342 34.8112608954939233 28.4315545351558647 0.265000000000000013
 34.3329153427037639 33.7988524337215210 29.0726124265601662 -0.699999999999999956
 33.4720488169488988 34.1633901042417563 29.2106200770960989 0.434999999999999998
 0.881032976842857418 17.7314821505100895 34.5351455795595896 0.434999999999999998
 -0.212646857699680773E-01 17.9759769957781188 34.3969204057279327 -0.699999999999999956
 -0.430966249011388525 17.5982624053124681 33.0799631865188601 0.265000000000000013
 0.253804256591869393 16.2637907810258220 32.7308574165441755 0.000000000000000000E+00
 -0.420958843527881377 15.4339779169121982 31.6228387482590456 0.000000000000000000E+00
 0.428493562477757106 14.1554083597184892 31.4991839976478403 0.265000000000000013
 0.353261204375340310 13.5228073595466949 32.7794402481211549 -0.699999999999999956
 0.624199746819237511 12.6224478816426320 32.6847295477399484 0.434999999999999998
 18.2548851689489560 4.93453626725664218 23.8612900050305612 0.434999999999999998
 17.8120605610987752 4.59925727517807648 23.0967513440374645 -0.699999999999999956
 18.6378559979945102 3.95500470625501110 22.1231495138018133 0.265000000000000013
 18.4715708619138042 4.65081387946151459 20.7594050919982642 0.000000000000000000E+00
 18.6692575781315924 6.16698463386659856 20.9431064956884505 0.000000000000000000E+00
 20.1213857453280269 6.55134621208501944 21.2825029647687458 0.265000000000000013
 19.9765475915414363 7.97196746034518355 21.3583790360917476 -0.699999999999999956
 19.2464061683710987 8.03656137356942502 21.9548236089945199 0.434999999999999998
 8.55355847415473569 15.8859965027245433 1.49236584535364170 0.434999999999999998
 9.13038712656713436 15.8768435778102965 0.743894115946572732 -0.699999999999999956
 9.99845594835961649 17.0132192149686290 0.746526967022800192 0.265000000000000013
 10.1304689216797374 17.8410049069487968 -0.545348964724558738 0.000000000000000000E+00
 10.6930948113350137 19.2589276568805161 -0.334286927598787087 0.000000000000000000E+00
 10.1949800040251759 20.1243308523687965 0.838128932059105658 0.265000000000000013
 11.2167865672476292 21.0359749644197258 1.25009538739058956 -0.699999999999999956
 10.9936352178579995 21.7944275890822077 0.732429383669869427 0.434999999999999998
 10.1465674739601255 27.5828133008733829 38.6735487761043046 0.434999999999999998
 10.5898880380439291 26.9043511652683023 39.1595333520021640 -0.699999999999999956
 10.2030700130756884 26.9659873365349583 40.5348416076129823 0.265000000000000013
 10.3727221203374871 28.4404262383448163 40.9457528964958328 0.000000000000000000E+00
 9.76467268607800065 29.3695771688094318 39.8787222343715086 0.000000000000000000E+00
 10.1143370368457788 30.8356366835821198 40.1949568639531236 0.265000000000000013
 10.1192277462170548 31.5598037124278754 38.9618882546314182 -0.699999999999999956
 10.2145652918994685 32.4961943296737630 39.0461993708446400 0.434999999999999998
 29.9959218108625549 4.03730267173956570 37.1360616466972147 0.434999999999999998
 30.2714449348540136 4.89995823294850563 36.8659924132379473 -0.699999999999999956
 29.7199263778671963 5.79028137579301472 37.8396720230761403 0.265000000000000013
 30.7438448301316853 6.03964860209509080 38.9626176983243724 0.000000000000000000E+00
 30.2571469903155368 6.97045155707028030 40.0888197546747165 0.000000000000000000E+00
 30.1108485019813159 8.48503764162904339 39.8517000701858990 0.265000000000000013
 29.4704146770446513 8.94793326779895359 41.0435356944016547 -0.699999999999999956
 29.6412915499707736 9.87395691100572748 41.1229479511448162 0.434999999999999998
 7.94530448310537540 24.8404229948262625 37.7385425402261276 0.434999999999999998
 7.10152280257950341 25.0025859798642607 37.3451462490736787 -0.699999999999999956
 6.02399867448895243 24.3737618777278016 38.0440181986860324 0.265000000000000013
 4.63317194177296887 24.7601321804728265 37.5074373671990102 0.000000000000000000E+00
 3.52207835581276374 24.4385246372318434 38.5241180601250619 0.000000000000000000E+00
 2.19771354944601960 24.9985325353009529 37.9727116639367424 0.265000000000000013
 1.16042360107283971 24.6639039899070696 38.8984293852813963 -0.699999999999999956
 0.410253571493303493 24.3206819140148056 38.4374862940642288 0.434999999999999998
 29.4687798024917313 35.7203668325327115 4.22629502837399684 0.434999999999999998
 29.0897626496849142 35.2489689393894139 4.95234945072695520 -0.699999999999999956
 27.7906815260267663 34.8872718265831949 4.47646770833422103 0.265000000000000013
 26.7329710358720050 34.6257670261877308 5.56479842938673652 0.000000000000000000E+00
 25.3317801737063384 34.2358902730371426 5.05857685227234466 0.000000000000000000E+00
 24.5962899226550391 35.4821158065788822 4.53172202392104584 0.265000000000000013
 23.7143217902890164 35.2776243572941581 3.42482751193708079 -0.699999999999999956
 22.9427245491131089 35.7677722163768124 3.66444757296375201 0.434999999999999998
 0.831862722508651675 20.0359991009782128 33.5516645140543943 0.434999999999999998
 0.970850334056105990 20.8692559977239256 33.1281194894560187 -0.699999999999999956
 -0.261317193236941137 21.5635216127384552 32.9167940520542786 0.265000000000000013
 0.123324062536072199 23.0500661154458015 32.7991652042832769 0.000000000000000000E+00
 0.447708286381043652 23.5446290345796605 34.2210591505177675 0.000000000000000000E+00
 0.343373206870992154 25.0756807961146393 34.3498795475217804 0.265000000000000013
 -0.975604236537646385 25.6280963658253143 34.3439178262607427 -0.699999999999999956
 -0.858002096656534374 26.2859494579863870 33.6757681081365661 0.434999999999999998
 13.9594395898659300 36.0077099878321221 2.79971103612143191 0.434999999999999998
 13.8879696224767013 35.0669770812764341 2.74550179074136480 -0.699999999999999956
 12.4818348252153442 34.8776957029448198 2.56701511967696971 0.265000000000000013
 11.9578991561743102 35.2953948085450193 1.18042979165445039 0.000000000000000000E+00
 10.5812591115894925 35.9829045062713959 1.11884567700066806 0.000000000000000000E+00
 9.39352755381558246 35.0065041761985469 1.20565663311565019 0.265000000000000013
 9.36858741154872199 34.4508099606007292 -0.111720278802438122 -0.699999999999999956
 9.20611690840168784 35.0570192829170750 -0.818217690789137975 0.434999999999999998
 19.8326629938953438 16.6544891577060845 20.5631782508829914 0.434999999999999998
 20.2616565240434738 15.8179550601825802 20.4672602923372544 -0.699999999999999956
 19.8269335064882952 15.1868049815308535 19.2599635283949162 0.265000000000000013
 20.2070245541258728 13.7004404087425744 19.1263553240596735 0.000000000000000000E+00
 19.8414527713631905 12.8578413232796951 20.3624718447909672 0.000000000000000000E+00
 20.1597975845764275 11.3584414273122398 20.2139574284098984 0.265000000000000013
 19.6922120934293332 10.5574630454319394 21.3023955020866431 -0.699999999999999956
 20.1344868371424255 9.72376228321266112 21.3509865521731896 0.434999999999999998
 22.9706207531651714 4.83008571403109155 37.1227738742737188 0.434999999999999998
 22.7750531638129097 5.68824179621216430 37.4667890724998713 -0.699999999999999956
 21.3940687065359363 5.79417708394932252 37.8225412946594162 0.265000000000000013
 20.5374684463853256 5.12343029936532623 36.7326171022129131 0.000000000000000000E+00
 20.4905402526372669 5.75112594666587462 35.3271293153604233 0.000000000000000000E+00
 19.7687456744806802 4.97418760427271689 34.2104469974816467 0.265000000000000013
 20.3423659733891142 3.67108410132567631 34.0771015315394052 -0.699999999999999956
 19.5431250948707778 3.21790809680430856 33.8560347383946976 0.434999999999999998
 31.7276820499074006 3.40055417849021469 22.1548650060483716 0.434999999999999998
 31.4895908245772667 4.23014137013307145 22.5397320738560936 -0.699999999999999956
 31.8503732021543087 5.34401759397399356 21.7187474004353192 0.265000000000000013
 33.3503259770520089 5.61960261230642910 21.9327440610340290 0.000000000000000000E+00
 34.1936049488988445 4.33331883722410094 22.0099102816289616 0.000000000000000000E+00
 35.6992315343037561 4.64171312651365042 22.1077956618219957 0.265000000000000013
 35.8357549395748336 5.30983573104628093 23.3647258687649746 -0.699999999999999956
 36.6624565813070049 5.76729863215301197 23.3825328805397845 0.434999999999999998
 26.8353837540581956 15.4476239252319694 5.04753920870115191 0.434999999999999998
 25.9893368921279411 15.6974113486534197 4.70866467363184249 -0.699999999999999956
 24.9806512672933039 14.7600858231978762 5.09450682993600878 0.265000000000000013
 23.6377575837546487 15.3183926675638418 4.58801890091291398 0.000000000000000000E+00
 22.4366143858371316 14.3714204770109539 4.76717996927301790 0.000000000000000000E+00
 21.5070240278863274 14.4007483438777300 5.99461699113195312 0.265000000000000013
 20.6474259631543084 13.3036821089782293 5.67455942857108830 -0.699999999999999956
 19.8903154867707705 13.6522907133938141 5.22927214211692970 0.434999999999999998
 9.94623656653150867 24.8364576737400569 38.4957288279797964 0.434999999999999998
 9.72804310214077006 24.1866082082362936 37.8452580105854679 -0.699999999999999956
 10.8405881451851069 23.8641866614737950 37.0066950294202215 0.265000000000000013
 10.9457294947172716 25.0962953595082823 36.0888423980864630 0.000000000000000000E+00
 12.0123807468884483 24.9796315659402630 34.9841955470467383 0.000000000000000000E+00
 13.4266490619278613 24.6312384684390651 35.4842629251960275 0.265000000000000013
 14.3438255331076476 24.6965361691606979 34.3890809626917786 -0.699999999999999956
 14.6560073172523317 25.5871730500311294 34.4373870708110559 0.434999999999999998
 29.5060032266997929 23.0380469911953121 11.1770048216787696 0.434999999999999998
 29.3484774547449199 23.9488559825508212 11.3735693465452385 -0.699999999999999956
 30.4310953620183930 24.6737718297588806 11.9629210932274841 0.265000000000000013
 29.8968290241425052 26.0300964767478433 12.4594519907383567 0.000000000000000000E+00
 30.8370369590352595 26.7634436566579019 13.4340344412691799 0.000000000000000000E+00
 30.5251086076790763 28.2693620910633250 13.5147213208602057 0.265000000000000013
 31.2438765627372632 28.9142944452367416 14.5693942015781133 -0.699999999999999956
 31.3859154373045399 29.8436405242101408 14.4736558936317508 0.434999999999999998
 0.372698369791937489 5.95222451065571878 38.2948401227569235 0.434999999999999998
 0.878354600609972946 5.46627150592046362 38.9282329340704649 -0.699999999999999956
 1.26738010349403485 4.41169128919076581 38.0442534520754663 0.265000000000000013
 2.70210746418062575 4.71807840566860204 37.5759753986139771 0.000000000000000000E+00
 3.79195028672153978 4.61605583756479643 38.6592269934678896 0.000000000000000000E+00
 4.98813284804881185 5.54072186721907922 38.3664130361845821 0.265000000000000013
 5.86783772271267878 5.13322159295462210 37.3152408999637686 -0.699999999999999956
 6.59847817563678429 4.66192051194638957 37.6854635621433403 0.434999999999999998
 19.1854215166614779 19.3507681416427353 19.1403158914406966 0.434999999999999998
 19.1729440807388727 19.1412445865625749 20.0617111342433532 -0.699999999999999956
 19.9141098323154928 20.1762166210229310 20.7131758044863794 0.265000000000000013
 19.7367896997670904 21.5044874691932613 19.9543252760594108 0.000000000000000000E+00
 20.5812989743253496 22.6531184343985998 20.5366061283605426 0.000000000000000000E+00
 20.0421475545698726 24.0204037702353723 20.0767729444977618 0.265000000000000013
 20.9996649834413880 25.0395186271761148 20.3758804197803691 -0.699999999999999956
 21.5441897687224397 24.7329939809707433 21.0847953649488922 0.434999999999999998
 31.9250693226509021 15.6492754145553423 27.0038602476154352 0.434999999999999998
 31.1648172593132067 15.5811510934676942 26.4467239294067582 -0.699999999999999956
 30.1946124616165079 15.0521134454784065 27.3543151466054901 0.265000000000000013
 30.1353139340477370 13.5268240831187931 27.5582171958859838 0.000000000000000000E+00
 29.4567551368029470 12.7664670167788170 26.4036544689851986 0.000000000000000000E+00
 29.8079337306866989 11.2753525939210064 26.5612976519753090 0.265000000000000013
 29.0343950160238329 10.5301212237764332 25.6172806702053037 -0.699999999999999956
 29.1417189397655356 9.60944562002095104 25.8012997128127353 0.434999999999999998
 2.80741290781286690 14.9951826278983038 3.54396626368672729 0.434999999999999998
 3.64770277138569465 15.4244124898072670 3.49200790706941522 -0.699999999999999956
 4.52721199462303314 14.6106686538788715 4.27251062694231631 0.265000000000000013
 5.79508893181283025 15.3843740008985996 4.67928834036244012 0.000000000000000000E+00
 6.91110303962488803 14.5199971422033816 5.29488980016955058 0.000000000000000000E+00
 8.29530013453438642 15.1903930554926863 5.37342464523279251 0.265000000000000013
 8.64977186048363755 15.6036508448987910 4.05112823557354407 -0.699999999999999956
 9.58377339711490350 15.7364159388329430 4.10626043490469073 0.434999999999999998
 18.7040394026304675 24.8100494250403649 8.51459866582682601 0.434999999999999998
 17.9211996068273578 25.3185417741644976 8.36755314570069153 -0.699999999999999956
 16.7834205233840379 24.4557581528652399 8.44477477542074340 0.265000000000000013
 15.5349669172150850 25.1539698640333711 9.01526929742022531 0.000000000000000000E+00
 14.2833879298938360 24.2570618099181772 8.98869899521612403 0.000000000000000000E+00
 13.0536458700802438 25.1625128365459005 9.18742721340423429 0.265000000000000013
 11.8722080276687478 24.9127249475388304 8.42145682558009767 -0.699999999999999956
 11.4912214468736664 25.7613702552937696 8.25509767530699179 0.434999999999999998
 1.07824589613969501 27.7361420362490279 33.9713635347626024 0.434999999999999998
 0.371507242618899669 28.0486415592382166 33.4274062535804006 -0.699999999999999956
 0.673567453377515779 29.3239678191052739 32.8553900300605477 0.265000000000000013
 0.998063876856402354E-01 30.4231497339181338 33.7687340822360795 0.000000000000000000E+00
 0.167662253411206691 31.8198317490749218 33.1235403671207678 0.000000000000000000E+00
 -0.247917925915513010 33.0199428121122196 33.9945320725498590 0.265000000000000013
 -0.725660739686016520E-01 34.1715715581579147 33.1651329169558764 -0.699999999999999956
 -0.438670966921008820 33.9341931996008483 32.3268944531252700 0.434999999999999998
 20.9947735534373443 34.3189149615665272 32.1131244795475794 0.434999999999999998
 21.1584621512873277 35.2251815879466221 31.9012003307500898 -0.699999999999999956
 20.4144994228497865 35.9619057322882156 32.8751905739454955 0.265000000000000013
 20.7293204182949999 37.4367793177529080 32.5633642637576486 0.000000000000000000E+00
 20.1262442347160437 38.3347760515006399 33.6594942665302455 0.000000000000000000E+00
 20.6704348472549029 39.7569911071170310 33.4297968290115577 0.265000000000000013
 19.7118677641578550 40.6442357882978271 34.0119016502587215 -0.699999999999999956
 20.0703840730577525 41.4935404044182405 34.2196821240510189 0.434999999999999998
 30.4216022240116963 12.2813126279434250 15.2991786210791894 0.434999999999999998
 30.7240751881906746 12.6949617968900128 14.5051827325693186 -0.699999999999999956
 29.5969243180991199 12.8092803508494377 13.6326220273616663 0.265000000000000013
 29.3839419258988315 11.3113565281834223 13.3454587948574428 0.000000000000000000E+00
 30.6751422521493602 10.5162410069110006 13.6141463928634092 0.000000000000000000E+00
 30.2683551488800404 9.05307256488155154 13.8696113862830028 0.265000000000000013
 30.1543617635868024 8.87103385041931247 15.2833890967263102 -0.699999999999999956
 29.9344118920117310 7.96425111568123700 15.4330290846140628 0.434999999999999998
 33.3529436807180915 13.6302504757014074 27.5447525754548295 0.434999999999999998
 33.3668028600630180 14.5350318885348830 27.8171558025630041 -0.699999999999999956
 33.7525268264772151 14.4711372784287455 29.1926682527186117 0.265000000000000013
 34.9716311417856076 15.3947603539932203 29.3724044001160678 0.000000000000000000E+00
 36.3568606176272340 14.8653967341071471 28.9570570067203263 0.000000000000000000E+00
 36.7675088300004163 15.1018292621432124 27.4917694221959898 0.265000000000000013
 35.8705239984693591 14.3476746422332440 26.6722762731876273 -0.699999999999999956
 34.9708894233295595 14.6000231511657255 26.8137077451186592 0.434999999999999998
 7.71156897665391927 5.75022108441828017 11.4993932876356038 0.434999999999999998
 6.97210171565990855 5.40248951721156256 11.0247398065718105 -0.699999999999999956
 5.86922122470568386 5.33561557571143918 11.9325297044120582 0.265000000000000013
 4.82571233318720783 4.44919799428202367 11.2275807242335546 0.000000000000000000E+00
 3.36307495452408745 4.34853584018147021 11.6989182140105807 0.000000000000000000E+00
 2.49349218238657366 4.71548782873106997 10.4820484426294644 0.265000000000000013
 1.08399608424158722 4.52171025396385051 10.6258225739305843 -0.699999999999999956
 0.641810012031534982 5.23981853776473550 10.1994225618761813 0.434999999999999998
 20.8982602598105665 3.79043197247135932 24.3019555009484520 0.434999999999999998
 20.7316596830937527 4.63618357835551453 24.6892195826575609 -0.699999999999999956
 21.8267126399715536 5.51066837334067205 24.4045524700980998 0.265000000000000013
 23.0549523885185401 5.13686446422989818 25.2550216098220197 0.000000000000000000E+00
 24.3466833440525008 5.80733444692630041 24.7515326419007735 0.000000000000000000E+00
 25.6160114660612059 5.02223932225862590 25.1310478114275071 0.265000000000000013
 25.8940176660324184 4.03536206132539377 24.1342098985096207 -0.699999999999999956
 26.7853271027356321 3.95743136781989779 24.4383797442431359 0.434999999999999998
 65.2551288589436354 78.0543914490743731 113.551778325461939 0.434999999999999998
 64.8934367190776413 78.7155556478222707 114.121923656279620 -0.699999999999999956
 64.1417545078858637 77.8207392571154486 114.946045904674989 0.265000000000000013
 63.2454211961394748 76.8913773110775054 114.106717025444496 0.000000000000000000E+00
 62.9339642234929499 75.5551256444790909 114.806020992044736 0.000000000000000000E+00
 63.9998975965996948 74.4516501680246563 114.672874768061732 0.265000000000000013
 63.7285371863778707 73.8121967836166277 115.922819925631998 -0.699999999999999956
 64.2965472161060205 73.0874351001825886 116.135211329304738 0.434999999999999998
 26.4502771979544207 6.51785239422460005 11.7934088055958473 0.434999999999999998
 25.8005775057014226 6.17909837685887187 11.1966165254807812 -0.699999999999999956
 25.4879726504899260 4.86801814777255526 11.6743683830356932 0.265000000000000013
 24.1645260282394077 4.52939171598831969 10.9634385849889586 0.000000000000000000E+00
 22.8258260930320205 5.19948974677800901 11.3246187513983507 0.000000000000000000E+00
 21.7396070557331385 4.88835874448929708 10.2782317759326229 0.265000000000000013
 20.5698367059998581 5.40371840124430936 10.9192791634744744 -0.699999999999999956
 19.8180368779155920 5.25740460304872670 10.3657321546757206 0.434999999999999998
 29.9189903250990987 24.5821056803976958 8.18282878265427804 0.434999999999999998
 30.7863841240024776 24.5427146223215296 7.80986585933936883 -0.699999999999999956
 31.5044513742611585 25.3464022825204296 8.74974115370024919 0.265000000000000013
 32.9900820901107537 25.4808241025164328 8.36707661336078523 0.000000000000000000E+00
 33.9315991224595379 24.2762708891662520 8.55200155490444303 0.000000000000000000E+00
 35.4580947972955371 24.4501949617687977 8.44635416176893727 0.265000000000000013
 35.9972097931531465 25.4810880934904347 9.27792759340958284 -0.699999999999999956
 36.8737921444212873 25.6791575970232344 8.98570019357260108 0.434999999999999998
 7.80105645314487539 15.9058308363299528 29.2462785965044070 0.434999999999999998
 8.56389131144745086 15.4914836937351321 29.6196743977421768 -0.699999999999999956
 8.51653340755951760 15.1763128412623072 31.0137061630513102 0.265000000000000013
 7.22706799908873077 14.3636205100854948 31.2337291963993273 0.000000000000000000E+00
 5.97335027136426255 15.2579191624715591 31.2383960507858163 0.000000000000000000E+00
 4.80070244066914942 14.5067315297800938 31.8958260513618761 0.265000000000000013
 3.96840337964307421 14.0763139533577331 30.8155858082113916 -0.699999999999999956
 3.71521676634990561 13.1948066191573261 31.0433276765624413 0.434999999999999998
 19.5878231294381884 35.9438464349824471 15.9661937319275538 0.434999999999999998
 19.0367147205207026 35.7289711568178419 15.2292180630930254 -0.699999999999999956
 18.5984810024680662 34.3865181953968744 15.4543208279225119 0.265000000000000013
 17.1780344771410789 34.4070525805223681 16.0488879037970698 0.000000000000000000E+00
 16.1912979498181322 35.2860207571426869 15.2580870627913132 0.000000000000000000E+00
 14.8124199072404572 35.4083162151617898 15.9328752996812675 0.265000000000000013
 14.2925357216534632 34.1082705003105602 16.2235668421683030 -0.699999999999999956
 14.2308000530068295 33.6535346759305085 15.3974742098066919 0.434999999999999998
 41.3013714817088058 1.39127387336120223 20.2827977706862157 0.434999999999999998
 40.8404951214957492 1.61029620599708134 19.4874065471971036 -0.699999999999999956
 39.6051233790924542 2.16487617942361066 19.9469690686734324 0.265000000000000013
 40.2200694930028604 3.33723780753840771 20.7337406301260003 0.000000000000000000E+00
 39.0620651330665041 4.32533607684885357 20.9667378673501830 0.000000000000000000E+00
 39.4828872673740179 5.56247751411309732 21.7815935573227293 0.265000000000000013
 38.4528102384437389 6.54737757501314466 21.8991230621682966 -0.699999999999999956
 38.8677921150431374 7.25212275791445649 21.4256790113329032 0.434999999999999998
 16.9176168423664066 25.5790149610487454 23.2182223234910552 0.434999999999999998
 16.1363246073956468 25.6568419369887017 22.6923417235537350 -0.699999999999999956
 15.7687522452685176 24.6493232571507193 21.7464576564621019 0.265000000000000013
 14.2700749065695032 24.7773391430262429 21.4160364594520694 0.000000000000000000E+00
 13.3393040571836270 24.9934657727935168 22.6237429245498305 0.000000000000000000E+00
 11.8834995544661250 25.1822212748327701 22.1583349204100699 0.265000000000000013
 11.0746666436139733 25.0135081222593314 23.3254789537115101 -0.699999999999999956
 11.5350679091272017 25.1961493192987582 24.1302757403961010 0.434999999999999998
 2.03218232618578964 5.62806858089310680 33.9364855416069915 0.434999999999999998
 1.26593372759894707 5.14975748977265457 33.6588048161778133 -0.699999999999999956
 0.232185296336850394 6.13173458823253004 33.5493280653881243 0.265000000000000013
 0.927888112249841912 7.48321582157316900 33.7965042532759696 0.000000000000000000E+00
 -0.133085470322231753 8.59545712868989398 33.7024067940783638 0.000000000000000000E+00
 0.381034490152172500 10.0370904453033081 33.8726244390861595 0.265000000000000013
 0.491407166182809940 10.7910450730332581 32.6625540726568104 -0.699999999999999956
 -0.354685016187013924 10.8958575728478735 32.2549177656191901 0.434999999999999998
 19.4006550585382698 5.38399918193015026 8.15760017107780300 0.434999999999999998
 18.6226685033628527 4.87163492777319362 8.31648626558727244 -0.699999999999999956
 19.1219923829768383 3.55603497288243009 8.06198199855297659 0.265000000000000013
 18.9359719574388414 3.43297550629632209 6.53821929755055020 0.000000000000000000E+00
 19.8056097674167937 2.30334979123224226 5.95574541545565417 0.000000000000000000E+00
 19.9859966275377019 1.02310744877536264 6.79242942108516434 0.265000000000000013
 20.6054255771265922 0.163847276297350131 5.83176312501548022 -0.699999999999999956
 20.7137941095118947 -0.718459134583368630 6.15241349302936325 0.434999999999999998
 17.6590731877355616 14.3325524637242623 4.16361712666983674 0.434999999999999998
 18.5609664050857752 14.2721739720123253 3.88799408293751370 -0.699999999999999956
 18.7744379336290486 14.8937260217277050 2.61795354972764427 0.265000000000000013
 17.3744260636423995 15.4394425862697098 2.28066999679189797 0.000000000000000000E+00
 16.3059583578662100 14.3387765048772611 2.41672490844730126 0.000000000000000000E+00
 14.8333942083770580 14.6456664078594141 2.08661369523742390 0.265000000000000013
 14.5473641787493957 15.7415148228092843 2.95965611895064518 -0.699999999999999956
 13.8143003323071287 16.2744683108849806 2.69206879378889852 0.434999999999999998
 7.02208688599625397 23.3151499390498493 10.9230753223215018 0.434999999999999998
 6.38749126795266964 23.8156970097354481 10.4334162250017979 -0.699999999999999956
 5.77552412621033184 24.6464707763914639 11.4234723678865784 0.265000000000000013
 4.46090423517229517 25.1873916056644980 10.8312062127285174 0.000000000000000000E+00
 3.34975952319637793 24.6931953258188699 11.7760487742352975 0.000000000000000000E+00
 1.96022256068885947 24.9350391028827083 11.1577457600740573 0.265000000000000013
 1.03552161324434300 24.1482765581397949 11.9132805746159640 -0.699999999999999956
 0.269912220676104597 24.1991917224796858 11.3616693854151514 0.434999999999999998
 -0.539862124954979095 3.57022391631884695 9.23204775892394025 0.434999999999999998
 -1.12283645481289085 3.77975893674072561 8.51842250296426506 -0.699999999999999956
 -0.350031889655014083 4.53178079294895486 7.57920142576451195 0.265000000000000013
 0.495606586061050791 3.63806983741942425 6.65303929289840390 0.000000000000000000E+00
 -0.332821528650599607 2.48774534048639007 6.05132473389965231 0.000000000000000000E+00
 0.341804297314657668 1.10699799394135145 6.15140849856470329 0.265000000000000013
 1.14197246141500508 0.857633299952189843 4.99276784739110813 -0.699999999999999956
 0.869696300708740599 0.364931641543697546E-01 4.61247904964261668 0.434999999999999998
 21.8839478379346097 37.1735967479673306 6.91761758540136285 0.434999999999999998
 21.0280123722011538 37.5702533610387022 6.86227312039897974 -0.699999999999999956
 20.1060468981990681 36.6532196107782298 6.26735399511272728 0.265000000000000013
 20.4702760808919493 35.1723677646541617 6.48186486268306350 0.000000000000000000E+00
 19.6512776749418521 34.2354160783854553 5.57469169914181784 0.000000000000000000E+00
 19.5271446394948605 34.8172668993903187 4.15425493124023859 0.265000000000000013
 20.8460276753761846 35.0149823964186240 3.63815792495236057 -0.699999999999999956
 21.1724724322282398 34.2961860280877886 3.11874421547001957 0.434999999999999998
 23.5368168703536185 36.1918305835060963 31.3718929939186104 0.434999999999999998
 24.4627941479649245 36.0291826822835404 31.2763066895886759 -0.699999999999999956
 24.5819313805927884 34.6071333048156902 31.1842095243497681 0.265000000000000013
 26.0876907284605473 34.2869258443909501 31.1423052453650584 0.000000000000000000E+00
 27.0219093319251158 35.0303071831956530 32.1150435380510544 0.000000000000000000E+00
 28.2658799501034075 35.5567829350169902 31.3754758373952960 0.265000000000000013
 28.7278483106442124 34.5148324861011773 30.5118645267564261 -0.699999999999999956
 28.1960210856154312 34.4580028060885795 29.7327912374005088 0.434999999999999998
 37.2946762033524664 25.3569109403451662 35.2715126568299056 0.434999999999999998
 36.7725904719853247 25.2477309383660753 36.0515967652891760 -0.699999999999999956
 35.6941935068115370 24.4257579807805101 35.5973716641531865 0.265000000000000013
 34.3230705746066675 24.9777590065173776 36.0297103882658405 0.000000000000000000E+00
 33.2279951749229809 24.4784191988522117 35.0689452632282368 0.000000000000000000E+00
 31.7656679266605160 24.7145460531648240 35.4901852514315976 0.265000000000000013
 30.8662503617323907 23.9100807574598164 34.7228628733498539 -0.699999999999999956
 30.8579774952316157 23.1216609639512818 35.2437762911879986 0.434999999999999998
 18.6511676569618992 15.7622633451310854 16.4319920125781600 0.434999999999999998
 18.8302113842186891 15.0518490724045488 15.8351001422729727 -0.699999999999999956
 17.6245050509180068 14.2846792180531352 15.8863119808755044 0.265000000000000013
 16.8332632474030817 14.8431725561177927 14.6889725971969067 0.000000000000000000E+00
 15.3656724941475531 14.4782587643451457 14.9798596982051553 0.000000000000000000E+00
 14.2335177274135454 15.5115515957604568 15.1286263231826403 0.265000000000000013
 13.3396075244071248 14.9558545056527983 16.0966269910578745 -0.699999999999999956
 12.4632469338946805 14.9529344670580571 15.7430614543164040 0.434999999999999998
 19.1708669510755811 71.7850119014813970 73.8678077959167467 0.434999999999999998
 19.2841656035593196 72.3721658422509364 73.1360710500961204 -0.699999999999999956
 19.4768438269043749 71.5992327510085715 71.9484896681642851 0.265000000000000013
 20.5205092255704287 72.4089029444191539 71.1567847272110896 0.000000000000000000E+00
 21.9094098817001033 72.3455520878137150 71.8190094899388782 0.000000000000000000E+00
 22.9696016498420406 73.3445826126078231 71.3194782844134352 0.265000000000000013
 24.0320199260388776 73.2622993643363003 72.2731013092281955 -0.699999999999999956
 23.7183197699763255 73.3317083175261786 73.1618080152361188 0.434999999999999998
 9.65509605161582130 5.99815214132403174 1.46928235811313290 0.434999999999999998
 9.44793388447797788 5.40577583060968436 0.762742095275116716 -0.699999999999999956
 10.7165636306285439 4.98857491531651043 0.251447695285745509 0.265000000000000013
 10.5352568368198032 3.68368256262259219 -0.546038225843729741 0.000000000000000000E+00
 9.82023446903949271 2.56951786935116111 0.240714625972655305 0.000000000000000000E+00
 9.79577064175055767 1.23080332621138888 -0.520103941847852247 0.265000000000000013
 9.60216931835051035 0.153852857374416896 0.400545945595564667 -0.699999999999999956
 9.02777033953549335 0.504712264281539924 1.06386222741069369 0.434999999999999998
 24.1260227686511577 23.6520207594246088 37.6113983052575662 0.434999999999999998
 23.1812398833683062 23.6706923671617702 37.6192513773395945 -0.699999999999999956
 22.6403788523482277 24.9860454472844324 37.7683004287814654 0.265000000000000013
 21.1199257261788951 24.9580104081266931 37.5253265048691844 0.000000000000000000E+00
 20.9871559169872839 24.2136014366427759 36.1837500214208987 0.000000000000000000E+00
 19.6327814817515538 24.0395294580394427 35.4717325810130149 0.265000000000000013
 19.0084578669350783 25.3017527125974979 35.2229103962396763 -0.699999999999999956
 19.7131486450287490 25.8856925513694307 34.9874317943142472 0.434999999999999998
 29.0605087167514142 13.8607987781856554 17.2430683823854487 0.434999999999999998
 28.6024954115549548 14.3074434952377558 17.9385950238539600 -0.699999999999999956
 27.7821831908475261 14.9953219961012483 16.9905385758468590 0.265000000000000013
 26.5435777254205547 15.5942680554941706 17.6824346077419143 0.000000000000000000E+00
 25.5024248425713438 14.7068089319690216 18.3895533945145075 0.000000000000000000E+00
 24.1321539580079758 15.4041911622291856 18.4768215320865004 0.265000000000000013
 23.7107402015437927 15.4161445235933403 17.1103781329605624 -0.699999999999999956
 22.7693337303332619 15.3651578859676636 17.0457312556456557 0.434999999999999998
 9.60158281205594299 8.33729134276385864 14.0034424202296854 0.434999999999999998
 9.10365914851446689 9.12850156776327459 14.1415851187041568 -0.699999999999999956
 9.43826223538171583 9.94765645302372725 13.0182303002194342 0.265000000000000013
 10.1999979707139143 11.2711294502129764 13.2176742653545656 0.000000000000000000E+00
 9.77162708618096509 12.2863718111735789 14.2934908546464410 0.000000000000000000E+00
 10.8433575414657817 13.3799846809016216 14.4578219910150345 0.265000000000000013
 10.4560231209452486 14.4706797030790302 15.2976174513965741 -0.699999999999999956
 9.95782665235308784 14.1336575428101927 16.0264804990056788 0.434999999999999998
 20.8901663042678969 39.4037311509806969 17.8931336906494991 0.434999999999999998
 20.9282204238858185 40.0657331945000266 18.5664316769500211 -0.699999999999999956
 19.8967821122695554 39.9517907768594895 19.5503280814522604 0.265000000000000013
 19.9635570654622043 38.6270982434305736 20.3328437666010018 0.000000000000000000E+00
 20.0419550490313192 37.4937058169165169 19.2931922078117708 0.000000000000000000E+00
 19.5837012262235959 36.0785166757152425 19.6917434949858396 0.265000000000000013
 19.7744732367556608 35.2972103641699775 18.5093448788089212 -0.699999999999999956
 19.8745301191818520 34.4157403487142020 18.8349585028045148 0.434999999999999998
 34.9845038237010328 25.0405750630654573 23.0873059817183695 0.434999999999999998
 35.8591828629469589 25.1603512365744919 23.4243745898137625 -0.699999999999999956
 36.8042059299135147 25.2868678469229167 22.3586237041903466 0.265000000000000013
 37.8306351240906409 24.1390242785436975 22.3363021479862418 0.000000000000000000E+00
 38.9828400136360074 24.3660953762983006 21.3400779718731144 0.000000000000000000E+00
 39.3270996327325690 25.8668213106303178 21.3701941582649049 0.265000000000000013
 40.0059805966269195 26.0327619944582658 20.1226027482621745 -0.699999999999999956
 40.8367547864190144 26.4657273605249586 20.2466198332223719 0.434999999999999998
 15.4670010613370152 54.9686080709005367 27.4961342349221809 0.434999999999999998
 15.7506295198388457 54.4825150072574615 28.2552741633978002 -0.699999999999999956
 15.3918384927053840 53.0998095699669861 28.1897404122776898 0.265000000000000013
 13.8792779898666474 53.2557671573474920 28.4335394200498293 0.000000000000000000E+00
 13.4219990198365053 54.4484071805350283 29.2938333922822345 0.000000000000000000E+00
 13.4759818009189178 54.2052884934085810 30.8135633562286309 0.265000000000000013
 14.8585393245149486 53.9703397589663112 31.0932663882679385 -0.699999999999999956
 15.3309548743040001 53.9443955886126005 30.2752349412304973 0.434999999999999998
 28.3114016169449201 24.4897435693897911 25.9364061026990242 0.434999999999999998
 28.2460822131620510 25.4040910602124868 25.7067824072412385 -0.699999999999999956
 29.5159933434893169 25.9335413641468548 25.3170285147209313 0.265000000000000013
 29.7911833701439086 25.2725739062872101 23.9535797738874514 0.000000000000000000E+00
 31.2876420391496630 25.2286187215830076 23.5926374049486505 0.000000000000000000E+00
 31.7627587451882043 24.1060676766779096 22.6514980596731768 0.265000000000000013
 33.1540243508356482 24.1808733235353941 22.3294978582125161 -0.699999999999999956
 33.1282180821330030 23.6548774364752923 21.5448403767013161 0.434999999999999998
 10.4870693932975900 6.62785871972452689 9.87409281519024518 0.434999999999999998
 10.8083271331959807 5.86353918151595721 10.3275617866403486 -0.699999999999999956
 11.5759704575166289 4.98066091209020900 9.50527857022294675 0.265000000000000013
 13.0074072215887995 5.52859646069461785 9.35576126340472136 0.000000000000000000E+00
 13.9204529803260026 4.85696633783132992 8.31323528266628031 0.000000000000000000E+00
 15.3715264543815149 5.31020454451565715 8.06714403760859255 0.265000000000000013
 16.0734182290540772 5.26393335159400522 9.31217693410274272 -0.699999999999999956
 16.9053113358625424 5.66494804096301774 9.11176216978926412 0.434999999999999998
 0.411096295474585816 39.6745371993626179 19.6172813320374395 0.434999999999999998
 0.125221836454549873 38.9410076288571858 20.1400003415197055 -0.699999999999999956
 -0.535918446980758745E-01 37.7495390151983585 19.3697223332015760 0.265000000000000013
 0.850926396237804486E-02 36.5008822968799720 20.2689441368192931 0.000000000000000000E+00
 -0.502883446206425555 35.2765591153178661 19.4872087320461418 0.000000000000000000E+00
 0.637686602365262423 34.5982975899115246 18.7057605460129075 0.265000000000000013
 0.707520424416899357E-01 33.4617940111914578 18.0486115367914444 -0.699999999999999956
 0.610801178380218857 32.6982713715766238 18.1842769692628146 0.434999999999999998
 10.3581728246409952 15.8442392276499735 14.0606681149666830 0.434999999999999998
 10.2780638553955317 16.4529267370381298 13.3422621928298586 -0.699999999999999956
 9.48542205980150932 17.4871369202890783 13.9313532560259858 0.265000000000000013
 9.51662835739635149 18.7407522701489846 13.0374434610320868 0.000000000000000000E+00
 10.6831520511961937 19.7461135421899101 13.0290063712589141 0.000000000000000000E+00
 10.6077301295343229 20.6864864108260456 14.2462205683770211 0.265000000000000013
 9.36824185281036748 21.3982037391784914 14.2912456323606953 -0.699999999999999956
 9.35825335515886358 22.0298792781447510 13.5884574399539417 0.434999999999999998
 9.84464895742752333 36.1396821743150625 27.6180960216060036 0.434999999999999998
 9.99068310918244151 36.8302472603992399 26.9897498682774639 -0.699999999999999956
 10.3238317601616334 38.0021379802905912 27.7384715234893839 0.265000000000000013
 10.9049753482863210 38.9530651349064883 26.6756405507586862 0.000000000000000000E+00
 10.7053639748393294 40.4468988968524670 26.9922096447348991 0.000000000000000000E+00
 9.21858833215229545 40.6532627361385934 26.6479537019428463 0.265000000000000013
 8.95492986251976042 42.0587424960663299 26.6512485197693429 -0.699999999999999956
 8.09906589188350523 42.2288855547620159 26.2885183123914388 0.434999999999999998
 31.8376478604241200 5.74025609051192642 36.1713695933538943 0.434999999999999998
 32.7000960144485617 5.83092698574475321 35.7958872763567939 -0.699999999999999956
 33.3483323324778382 4.56667080222326227 35.6335728333287065 0.265000000000000013
 34.6472284772212120 4.68679468190537563 34.8150136975902456 0.000000000000000000E+00
 35.7291460610946601 5.53559131061302434 35.5082659062415900 0.000000000000000000E+00
 37.1171682037040540 5.12461139152813239 34.9828231998167993 0.265000000000000013
 37.2657487075856437 3.70314740337185455 35.0304043330645456 -0.699999999999999956
 37.6017259423301127 3.52181168965095859 34.1659613582751192 0.434999999999999998
 29.7861402011135503 35.0542669505043989 2.25009531893304704 0.434999999999999998
 30.2960524911111371 35.8498789868291396 2.24610230446350378 -0.699999999999999956
 31.6002037641422326 35.6259048891425607 1.70395374491844098 0.265000000000000013
 31.6120757754562263 34.6609183733824437 0.503845383249177492 0.000000000000000000E+00
 31.0289378347374871 33.2686077379405205 0.808839213563102288 0.000000000000000000E+00
 29.5365365267070636 33.0020766562081960 0.538100375825166122 0.265000000000000013
 28.8359024913354176 33.6549535331039706 1.60006258423637537 -0.699999999999999956
 27.9437297274251222 33.3472782934056724 1.64893697643984138 0.434999999999999998
 -0.259348702821106170 14.4918956431724251 18.4279495062896430 0.434999999999999998
 0.575929411512049683 14.5324129954079879 18.8680561023364035 -0.699999999999999956
 0.749717585962563327 13.1896296309104191 19.3280892603258394 0.265000000000000013
 -0.111091424787329238 12.7768231333131776 20.5364760537629856 0.000000000000000000E+00
 -0.624736981189463969 11.3312076443927978 20.6705062764063499 0.000000000000000000E+00
 0.342787438959144153 10.1551632162638299 20.4415608691955590 0.265000000000000013
 -0.329667873839680881 8.89904993860987226 20.5635579428903732 -0.699999999999999956
 -1.26562889134270029 9.00120018707458591 20.6445968252451308 0.434999999999999998
 20.6290938833041722 26.7572926311436241 32.7433114758834236 0.434999999999999998
 20.4116063564560939 27.1596046286897526 33.5702753398436116 -0.699999999999999956
 19.4274573605732748 28.1753494054633933 33.3590567271223222 0.265000000000000013
 20.1584498325362595 29.5307708252469787 33.3499583357647111 0.000000000000000000E+00
 19.1988426232240954 30.7239684960881938 33.5143764677794351 0.000000000000000000E+00
 19.9573018498954369 32.0582763608545491 33.3880351700983127 0.265000000000000013
 20.7191000895189674 32.0800618367848571 32.1780397836835803 -0.699999999999999956
 20.1979929090080930 31.9035541336223289 31.4097186677793658 0.434999999999999998
 40.0920892052389988 21.4307057107209786 8.56002344501301771 0.434999999999999998
 40.0188424250195425 21.4393702890748763 7.61790623666289335 -0.699999999999999956
 39.4786535770643212 22.7236463170971241 7.29583312013160956 0.265000000000000013
 40.6204413279986127 23.7458258128407316 7.14394562789542409 0.000000000000000000E+00
 40.3461678272431712 25.2389914310169274 6.88542970289295830 0.000000000000000000E+00
 39.8470545783189323 26.1361205443578548 8.03331703131171793 0.265000000000000013
 38.4593659883867289 26.0820175388804785 8.37433498123565556 -0.699999999999999956
 37.8898799473651309 26.4338256410196344 7.70729547089852840 0.434999999999999998
 22.4438239064637592 24.0812700568115687 9.93673438317182978 0.434999999999999998
 21.8576534927137729 24.1870027069950773 10.6703895151850539 -0.699999999999999956
 22.1974188422082648 25.4649300533532923 11.2147801880595512 0.265000000000000013
 23.6117004311647847 25.5142752681977107 11.8222113668037458 0.000000000000000000E+00
 24.5738985243170838 24.9444840747238992 10.7633852123412677 0.000000000000000000E+00
 26.0740552673777728 25.0596926476021586 11.0918006976413199 0.265000000000000013
 26.8002710582999484 24.1083802010355797 10.3091671601393795 -0.699999999999999956
 27.6714481526606875 24.0099069057365107 10.6618404939401099 0.434999999999999998
 32.9308954978896296 14.1414090786222584 15.1126732216519351 0.434999999999999998
 33.7625406474025880 13.8876432781075252 15.4828005832191344 -0.699999999999999956
 34.5817816248126420 14.9860776877910897 15.0739166527995874 0.265000000000000013
 36.0040299147964546 14.4156576770729838 14.9208453850501570 0.000000000000000000E+00
 37.1481547638440261 15.4155449227292429 15.1714522998906016 0.000000000000000000E+00
 38.4072691522764060 14.7478466176191141 15.7548988957291360 0.265000000000000013
 38.4017877884090097 14.7995513993700172 17.1839533279304497 -0.699999999999999956
 37.6138488301024552 14.2983645014991154 17.3288287619602208 0.434999999999999998
 21.3850481477596190 16.6454686570055905 31.5448377978632770 0.434999999999999998
 21.3851768201202894 15.7696354516268951 31.8997197216062389 -0.699999999999999956
 20.0759778078961766 15.5509738514736888 32.4317770972809498 0.265000000000000013
 19.9494082217814004 14.0201849220995118 32.3210278599192691 0.000000000000000000E+00
 20.8528512724647506 13.3044977751485973 33.3423909500401194 0.000000000000000000E+00
 20.8100278679781319 11.7674587791694005 33.2570839698600764 0.265000000000000013
 19.4760602749092406 11.5190403627707152 33.7084361062635267 -0.699999999999999956
 18.9142922153701392 12.2188780337872451 33.4123467928666500 0.434999999999999998
 29.9857998394989949 -0.311998493876187999 14.2356113955062558 0.434999999999999998
 30.3029973346400254 0.557139772101017838 14.0432330607323212 -0.699999999999999956
 29.8105571269832801 1.18275930409403784 12.8553766539760943 0.265000000000000013
 29.9203848015306697 2.70122859508002522 13.0873009826611835 0.000000000000000000E+00
 29.1220537932637775 3.76278013740770456 12.3079577179688560 0.000000000000000000E+00
 29.8890970396880142 5.06938024229510198 12.0322027107192806 0.265000000000000013
 28.9873725344406203 6.17160193297341664 11.9022017059748002 -0.699999999999999956
 29.3474052550211297 6.68365213873289399 11.1942426486183226 0.434999999999999998
 9.39196328135458636 4.07709323551236125 25.7575877792106844 0.434999999999999998
 9.24797170509298816 4.55572606553851234 24.9555890011649453 -0.699999999999999956
 10.0133870430632896 5.76054669422327947 24.8692952406984453 0.265000000000000013
 10.0763633064476696 6.41417886085800237 26.2622772868822949 0.000000000000000000E+00
 10.4945503083516396 7.89304231031247028 26.1638774428468430 0.000000000000000000E+00
 10.1888758656096652 8.77681738312969628 27.3874397648073149 0.265000000000000013
 10.7660381796796045 10.0849461403022200 27.4115813860390887 -0.699999999999999956
 10.3169670836267517 10.6766703998193240 26.8274388080764616 0.434999999999999998
 1.62649173419395088 36.9761459204744227 5.52250499145623142 0.434999999999999998
 0.751072570052067068 36.6585229545984106 5.36193743993584437 -0.699999999999999956
 0.507543574991990709E-01 36.8337130854077941 6.59634532197230161 0.265000000000000013
 -0.628655401109342371 35.4945591444441533 6.93791391290090331 0.000000000000000000E+00
 0.116824743303187317 34.3272640777195051 7.61117580955558015 0.000000000000000000E+00
 0.697901088651771251 33.1990804293970925 6.73873559009396583 0.265000000000000013
 1.34287341272854466 33.7636896797285360 5.59412775523732275 -0.699999999999999956
 0.845362334703913421 34.5021654829676407 5.27764518814534966 0.434999999999999998
 100.337439463276937 29.4427593516062736 8.53022608801710902 0.434999999999999998
 100.139558324699294 30.2821542416950074 8.91659931882915124 -0.699999999999999956
 100.938290023823612 30.3110965891967155 10.1023859831727343 0.265000000000000013
 99.8302333200909686 30.4154240855956459 11.1667760032350696 0.000000000000000000E+00
 98.8715363233454951 31.5940454283869663 10.9150781710076394 0.000000000000000000E+00
 97.7298718278111807 31.7911910072018067 11.9296400470852557 0.265000000000000013
 96.9118223448096074 32.9025956388302632 11.5548403830570123 -0.699999999999999956
 96.3721422355376802 33.2377502584012632 12.2544415270215286 0.434999999999999998
 1.81890024376145720 35.5014078455942652 30.8487621979964501 0.434999999999999998
 2.61544366945812978 35.0605578910847058 30.5953950955771887 -0.699999999999999956
 3.48585069200796882 35.0099653834234843 31.7288552904073704 0.265000000000000013
 4.86438277809459318 34.5779221438061839 31.1953874593897424 0.000000000000000000E+00
 6.11239469469979824 34.8971630616025550 32.0392781468700178 0.000000000000000000E+00
 7.30248769604528203 34.1946676297342549 31.3597350530542833 0.265000000000000013
 8.53484871644630161 34.8520218546060363 31.6664462175713020 -0.699999999999999956
 8.58272804429921976 35.5983219601117256 31.0887190133593592 0.434999999999999998
 39.3322656554654060 -3.75829801218449910 33.7665431711873580 0.434999999999999998
 39.5394575318362840 -2.86202612088320052 33.9828605843308793 -0.699999999999999956
 39.8135174945679822 -1.91669361895415524 32.9454900634348604 0.265000000000000013
 39.8128692332825977 -0.501289781712477511 33.5523109243805209 0.000000000000000000E+00
 40.0160484637818357 0.733682732836734686 32.6550032354567463 0.000000000000000000E+00
 40.6910802879743727 2.03776930341088702 33.1189970422855069 0.265000000000000013
 40.0419734377938354 2.73810257050900141 34.1834657417052554 -0.699999999999999956
 40.4388734396997194 3.59571262339937370 34.1840867638223287 0.434999999999999998
 8.29941885460700135 15.2794816484481206 16.3737344386420531 0.434999999999999998
 8.45830707374143564 14.5685212788917688 16.9756604197565011 -0.699999999999999956
 8.26147495458845782 15.0320146039175224 18.3140665817739574 0.265000000000000013
 6.81308596113282050 14.8188585863207472 18.7919094804329738 0.000000000000000000E+00
 5.76077729949337325 15.0799711936117120 17.6982611425508587 0.000000000000000000E+00
 4.33654813117013749 14.6552457523344266 18.1017206518316769 0.265000000000000013
 3.47842141754081924 14.8494859408666837 16.9744277473411493 -0.699999999999999956
 2.55141362431532004 14.7726275178223911 17.1410840826732738 0.434999999999999998
 31.4518606330879074 12.3954611296848043 1.23732200154220462 0.434999999999999998
 30.6711470902584757 11.9339053181759152 0.971845831415599992 -0.699999999999999956
 30.2077565694370556 12.6468367837250142 -0.177892378196858963 0.265000000000000013
 30.4814423100149270 14.1396232960492760 0.834207367191572985E-01 0.000000000000000000E+00
 29.7232296400816054 14.5548893140568669 1.35788834377737633 0.000000000000000000E+00
 29.6560700965962276 16.0820316861487171 1.54477272268721944 0.265000000000000013
 29.1086134375906056 16.8514235878433070 0.470888507272361923 -0.699999999999999956
 28.2883824437250517 16.4285553074265103 0.267348501082746381 0.434999999999999998
 31.0058632366456663 22.4474373751312086 15.4343635348846995 0.434999999999999998
 30.6240548557600931 21.6035531742875477 15.2469954056524504 -0.699999999999999956
 30.0927243368536530 21.6671835205278818 13.9208962167846106 0.265000000000000013
 29.5181817015132175 20.3001129942044827 13.5054218659109004 0.000000000000000000E+00
 30.6146520479459419 19.2218361452308706 13.5871030532261550 0.000000000000000000E+00
 30.1208441300043788 17.8010719745273533 13.2566746775933062 0.265000000000000013
 29.2439167932351864 18.1966882189169787 12.1986641704611998 -0.699999999999999956
 28.8705008088673623 17.3631715287888930 11.9561040131877299 0.434999999999999998
 11.4174885528246719 18.5587058480892644 26.1881156764228322 0.434999999999999998
 10.6811448300787628 18.8036441014742941 25.6488308036502062 -0.699999999999999956
 9.70921471016906779 19.6306804409475149 26.2940150681848124 0.265000000000000013
 10.2963587938265846 21.0267409499160429 26.5730793624334929 0.000000000000000000E+00
 9.41470287281079088 22.0987657608648504 27.2401967746241525 0.000000000000000000E+00
 10.0961028603437359 23.4704844643854855 27.4004523686038297 0.265000000000000013
 10.5617994366007881 23.8207474455653987 26.0945647230242344 -0.699999999999999956
 9.84445171807887398 24.2635022144474028 25.6674751945133508 0.434999999999999998
 33.3585466350018933 33.4588241415157626 14.9134807997873029 0.434999999999999998
 34.0425941410389115 33.9368726004828432 15.3568471047358557 -0.699999999999999956
 34.8546556153620983 34.6185757865771890 14.3972967266999401 0.265000000000000013
 36.1077434335963261 35.0289090199824216 15.1929081628647218 0.000000000000000000E+00
 37.1658498436224676 33.9319596299134290 15.4136180645204082 0.000000000000000000E+00
 38.5634251920908824 34.5436806662015243 15.6238096892726848 0.265000000000000013
 38.9174002136819936 35.5103940317064399 14.6313042973257552 -0.699999999999999956
 39.5586962176525887 36.1043504712651568 14.9904424089180388 0.434999999999999998
 21.4118415309838070 32.5312321692041806 18.9555621971659392 0.434999999999999998
 20.8334964535585314 32.8798702387901329 19.6166170117262304 -0.699999999999999956
 19.8064832848279231 31.8923316967068970 19.7387299887353471 0.265000000000000013
 20.3228219421256675 30.4476318046447219 19.8722837713680605 0.000000000000000000E+00
 19.2363743776763805 29.3728148405466207 20.0620209142504073 0.000000000000000000E+00
 19.8216651287549332 27.9989430202162204 20.4382003368720291 0.265000000000000013
 20.3639274418261884 27.4891939197847393 19.2171321821681644 -0.699999999999999956
 20.6970199010749276 26.6189929833458407 19.3746908817454688 0.434999999999999998
 7.52525491537538915 4.83381510063815956 24.1253273079731727 0.434999999999999998
 6.72049908407479801 5.04016283605737936 23.6749789271888602 -0.699999999999999956
 5.63214860103175052 5.53555253181843465 24.4591869833791336 0.265000000000000013
 4.33404230090810305 4.72831085437057208 24.2724226726277230 0.000000000000000000E+00
 3.07577320112754160 5.33125809644264947 24.9241998552715245 0.000000000000000000E+00
 1.80127086510170664 4.51734638046453796 24.6330100304866377 0.265000000000000013
 0.876571019020107922 5.09564989255773781 25.5578858289359943 -0.699999999999999956
 0.227951540774210537E-01 5.06437208098699898 25.1540127412652410 0.434999999999999998
 21.6038150159608016 24.3752180524435431 25.9781131161164431 0.434999999999999998
 20.9617793358930413 24.6816338397133812 25.3560805198389367 -0.699999999999999956
 21.6484536444412541 25.4758222108688059 24.3851823660136624 0.265000000000000013
 22.9288638284651043 24.7683742564019838 23.9038642255195413 0.000000000000000000E+00
 23.9692104250729514 24.3163782813491416 24.9454872847221019 0.000000000000000000E+00
 24.9448418561398881 25.4686024941340818 25.2490044575252348 0.265000000000000013
 25.7615588858394027 25.6462158592271621 24.0886912300133211 -0.699999999999999956
 26.6274789959099110 25.4734057670058824 24.4253572885965262 0.434999999999999998
 40.2896814886681369 13.9144941307162888 3.96608208241210036 0.434999999999999998
 41.0774176232439885 14.1159156039262950 4.44766922137389376 -0.699999999999999956
 40.9573420472964287 15.4540732608655240 4.93737927971022561 0.265000000000000013
 39.5287039705222938 15.8829257034878975 5.32036600016919792 0.000000000000000000E+00
 39.4166435339233274 16.9169062975116020 6.45611535180081475 0.000000000000000000E+00
 39.6649667313463539 18.4204280983630930 6.23394923380372479 0.265000000000000013
 38.7445751699991021 19.1805911953298818 7.02130648423749726 -0.699999999999999956
 39.0519078119687038 20.0736181910289098 7.05408501582069913 0.434999999999999998
 27.2573559013201816 23.3483182643246892 38.9403637963238367 0.434999999999999998
 26.6729662957495606 23.9105930379331113 38.4552237465808631 -0.699999999999999956
 27.4926383902056308 24.8221804005351245 37.7189859195750117 0.265000000000000013
 28.9968487431460247 24.6653592851948851 38.0094310123040415 0.000000000000000000E+00
 29.2864306840492468 24.7669433610879821 39.5185443198550885 0.000000000000000000E+00
 30.7368961003614451 24.5007746210630835 39.9622832948345703 0.265000000000000013
 30.8722521520056006 24.5113469687306811 41.3858235874670299 -0.699999999999999956
 30.0413872646592601 24.2757475012904216 41.7694659077561354 0.434999999999999998
 29.3697420615964191 31.5127698013615394 14.8108675078718832 0.434999999999999998
 29.9511932546063164 32.0236311870832040 14.2686865835247509 -0.699999999999999956
 29.5950491199484560 33.4084141137071526 14.2896055098750470 0.265000000000000013
 30.8831032774728875 34.1683503460289941 14.6570472196583879 0.000000000000000000E+00
 30.5195250496096868 35.5889736384382900 15.1274091370029087 0.000000000000000000E+00
 29.9592233230585308 36.5879961802021469 14.0980326576371411 0.265000000000000013
 29.6388052361048260 37.8656377128153636 14.6546872755958031 -0.699999999999999956
 29.2032028900269047 37.6534468560693654 15.4660137428115618 0.434999999999999998
 31.8576174078501353 5.23653886121565382 7.17173407075538094 0.434999999999999998
 32.4789410293558660 5.65774642577408748 7.74581258883261903 -0.699999999999999956
 33.3587584064321874 4.71516029735077868 8.36415939564777844 0.265000000000000013
 34.6909860823871554 4.54725764149471878 7.61011820474631318 0.000000000000000000E+00
 35.7420188995803088 5.52066873807798686 8.17527380653362989 0.000000000000000000E+00
 36.0628075337970841 5.36270494048649482 9.67318638435912170 0.265000000000000013
 36.2574322294868949 3.97857122028876509 9.97517160326766827 -0.699999999999999956
 36.8243357484671563 3.72385176716352806 9.26329844014984616 0.434999999999999998
